!   Water Saturation         Capillary Pressure [Pa]     
  0.10000045457341732        241022.00000000000     
  0.15000095645370728        184659.00000000000     
  0.20000009092715251        151720.00000000000     
  0.25000169697951435        127634.00000000000     
  0.30000273736894101        109004.00000000000     
  0.35000249988570348        94246.000000000000     
  0.40000240905082174        82345.000000000000     
  0.45000550242733561        72599.000000000000     
  0.50000440867203266        64509.000000000000     
  0.55000775360289478        57706.000000000000     
  0.60000826670946228        51913.000000000000     
  0.65000680493634999        46913.000000000000     
  0.70000440825031873        42533.000000000000     
  0.75000324486880576        38621.000000000000     
  0.79000312858794186        35737.000000000000     
  0.80001172519650099        35040.000000000000     
  0.81000069167286826        34352.000000000000     
  0.82000484552608199        33669.000000000000     
  0.83000893344415894        32991.000000000000     
  0.84000450420843142        32317.000000000000     
  0.85001139536168846        31644.000000000000     
  0.86000461073688916        30972.000000000000     
  0.87000629125809725        30297.000000000000     
  0.88000107128502525        29618.000000000000     
  0.89000562024732432        28931.000000000000     
  0.90000050753740579        28234.000000000000     
  0.91000442937602166        27521.000000000000     
  0.92001321537182756        26787.000000000000     
  0.93000677215377969        26026.000000000000     
  0.94000478510379548        25226.000000000000     
  0.95000386097715783        24373.000000000000     
  0.96000614847201848        23444.000000000000     
  0.97000573656770039        22396.000000000000     
  0.98000579259835352        21138.000000000000     
  0.99000340457134339        19421.000000000000     
  0.99900023245824798        15808.000000000000     
  0.99990003028186969        13636.000000000000     
