!   Water Saturation         Capillary Pressure [Pa]
  0.10000583949152010        36235.000000000000     
  0.15000615189809816        29281.000000000000     
  0.20000378752088815        24219.000000000000     
  0.25000040754481007        20386.000000000000     
  0.30001806041077006        17410.000000000000     
  0.35001977393383882        15053.000000000000     
  0.40000924819757899        13153.000000000000     
  0.45002483393403730        11597.000000000000     
  0.50002634495992337        10307.000000000000     
  0.55002001416623170        9225.0000000000000     
  0.60001654122524006        8308.0000000000000     
  0.65000140269227125        7524.0000000000000     
  0.70007282217371725        6847.0000000000000     
  0.75006759588350724        6260.0000000000000     
  0.79005628635971392        5844.0000000000000     
  0.80000129864949721        5747.0000000000000     
  0.81008989019906930        5651.0000000000000     
  0.82010122415197528        5558.0000000000000     
  0.83001440839489737        5468.0000000000000     
  0.84003376572896171        5379.0000000000000     
  0.85003123059446417        5292.0000000000000     
  0.86010155428067636        5206.0000000000000     
  0.87010529649133039        5122.0000000000000     
  0.88000730244276160        5040.0000000000000     
  0.89000787106861268        4958.0000000000000     
  0.90006805997777795        4876.0000000000000     
  0.91000927120776298        4795.0000000000000     
  0.92012041904806163        4712.0000000000000     
  0.93006604155863004        4629.0000000000000     
  0.94008062967466277        4543.0000000000000     
  0.95009376070158313        4453.0000000000000     
  0.96006082594643305        4357.0000000000000     
  0.97005274037324052        4250.0000000000000     
  0.98006208006706275        4123.0000000000000     
  0.99003985147604190        3951.0000000000000     
  0.99900779634355052        3583.0000000000000     
  0.99990091717118945        3353.0000000000000     
