0.01 50 4.1643e-08
0.016037 50 4.1742e-08
0.025719 50 4.1375e-08
0.041246 50 4.0562e-08
0.066147 50 3.9312e-08
0.10608 50 3.7691e-08
0.17013 50 3.5844e-08
0.27283 50 3.3854e-08
0.43755 50 3.1684e-08
0.7017 50 2.9293e-08
1.1253 50 2.6675e-08
1.8047 50 2.384e-08
2.8943 50 2.0811e-08
4.6416 50 1.7645e-08
7.4438 50 1.444e-08
11.938 50 1.1344e-08
19.145 50 8.5208e-09
30.703 50 6.115e-09
49.239 50 4.2055e-09
78.965 50 2.7907e-09
126.64 50 1.8032e-09
203.09 50 1.1452e-09
325.7 50 7.2021e-10
522.33 50 4.5075e-10
837.68 50 2.8149e-10
1343.4 50 1.7563e-10
2154.4 50 1.0954e-10
3455.1 50 6.831e-11
5541 50 4.2596e-11
8886.2 50 2.6561e-11
14251 50 1.6562e-11
22855 50 1.0327e-11
36652 50 6.4397e-12
58780 50 4.0155e-12
94267 50 2.5039e-12
1.5118e+05 50 1.5613e-12
2.4245e+05 50 9.7354e-13
3.8882e+05 50 6.0705e-13
6.2355e+05 50 3.7853e-13
1e+06 50 2.3603e-13
