0.01 60 9.0176e-08
0.016037 60 9.0567e-08
0.025719 60 8.998e-08
0.041246 60 8.8387e-08
0.066147 60 8.5811e-08
0.10608 60 8.247e-08
0.17013 60 7.8631e-08
0.27283 60 7.4312e-08
0.43755 60 6.9373e-08
0.7017 60 6.377e-08
1.1253 60 5.7545e-08
1.8047 60 5.0776e-08
2.8943 60 4.359e-08
4.6416 60 3.6198e-08
7.4438 60 2.8913e-08
11.938 60 2.2111e-08
19.145 60 1.6157e-08
30.703 60 1.1298e-08
49.239 60 7.6011e-09
78.965 60 4.9607e-09
126.64 60 3.1703e-09
203.09 60 2.0007e-09
325.7 60 1.2542e-09
522.33 60 7.8384e-10
837.68 60 4.8921e-10
1343.4 60 3.0516e-10
2154.4 60 1.9031e-10
3455.1 60 1.1867e-10
5541 60 7.4e-11
8886.2 60 4.6143e-11
14251 60 2.8773e-11
22855 60 1.7941e-11
36652 60 1.1187e-11
58780 60 6.9758e-12
94267 60 4.3498e-12
1.5118e+05 60 2.7123e-12
2.4245e+05 60 1.6913e-12
3.8882e+05 60 1.0546e-12
6.2355e+05 60 6.5759e-13
1e+06 60 4.1004e-13
