0.01 70 2.5254e-07
0.016037 70 2.5749e-07
0.025719 70 2.6054e-07
0.041246 70 2.6126e-07
0.066147 70 2.5932e-07
0.10608 70 2.5532e-07
0.17013 70 2.501e-07
0.27283 70 2.4348e-07
0.43755 70 2.3449e-07
0.7017 70 2.2211e-07
1.1253 70 2.0564e-07
1.8047 70 1.8531e-07
2.8943 70 1.6328e-07
4.6416 70 1.4388e-07
7.4438 70 1.3231e-07
11.938 70 1.3348e-07
19.145 70 1.513e-07
30.703 70 1.8539e-07
49.239 70 2.2389e-07
78.965 70 2.4229e-07
126.64 70 2.2333e-07
203.09 70 1.7563e-07
325.7 70 1.2292e-07
522.33 70 8.0628e-08
837.68 70 5.1328e-08
1343.4 70 3.227e-08
2154.4 70 2.0187e-08
3455.1 70 1.2604e-08
5541 70 7.8628e-09
8886.2 70 4.9038e-09
14251 70 3.058e-09
22855 70 1.9069e-09
36652 70 1.189e-09
58780 70 7.4143e-10
94267 70 4.6232e-10
1.5118e+05 70 2.8828e-10
2.4245e+05 70 1.7976e-10
3.8882e+05 70 1.1209e-10
6.2355e+05 70 6.9892e-11
1e+06 70 4.3581e-11
