0.01 88 7.8642e-06
0.016037 88 9.1144e-06
0.025719 88 1.0632e-05
0.041246 88 1.2536e-05
0.066147 88 1.5021e-05
0.10608 88 1.8377e-05
0.17013 88 2.3025e-05
0.27283 88 2.9569e-05
0.43755 88 3.8902e-05
0.7017 88 5.2373e-05
1.1253 88 7.1996e-05
1.8047 88 0.00010058
2.8943 88 0.0001414
4.6416 88 0.0001972
7.4438 88 0.00026979
11.938 88 0.00036253
19.145 88 0.00048061
30.703 88 0.00062427
49.239 88 0.00078605
78.965 88 0.00095644
126.64 88 0.0011279
203.09 88 0.0012906
325.7 88 0.0014268
522.33 88 0.0015133
837.68 88 0.0015269
1343.4 88 0.001445
2154.4 88 0.0012568
3455.1 88 0.00098762
5541 88 0.00070405
8886.2 88 0.00046856
14251 88 0.00030053
22855 88 0.00018956
36652 88 0.00011874
58780 88 7.4171e-05
94267 88 4.6281e-05
1.5118e+05 88 2.8867e-05
2.4245e+05 88 1.8002e-05
3.8882e+05 88 1.1225e-05
6.2355e+05 88 6.9997e-06
1e+06 88 4.3647e-06
