0.01 80 1.2188e-06
0.016037 80 1.3199e-06
0.025719 80 1.4376e-06
0.041246 80 1.572e-06
0.066147 80 1.7242e-06
0.10608 80 1.9051e-06
0.17013 80 2.1403e-06
0.27283 80 2.4669e-06
0.43755 80 2.9334e-06
0.7017 80 3.6032e-06
1.1253 80 4.5708e-06
1.8047 80 5.9907e-06
2.8943 80 8.1128e-06
4.6416 80 1.131e-05
7.4438 80 1.6089e-05
11.938 80 2.3004e-05
19.145 80 3.2381e-05
30.703 80 4.411e-05
49.239 80 5.7874e-05
78.965 80 7.3105e-05
126.64 80 8.8495e-05
203.09 80 0.00010151
325.7 80 0.00010837
522.33 80 0.0001052
837.68 80 9.0548e-05
1343.4 80 6.8725e-05
2154.4 80 4.7349e-05
3455.1 80 3.0862e-05
5541 80 1.9598e-05
8886.2 80 1.231e-05
14251 80 7.6976e-06
22855 80 4.8052e-06
36652 80 2.9976e-06
58780 80 1.8695e-06
94267 80 1.1658e-06
1.5118e+05 80 7.2694e-07
2.4245e+05 80 4.5329e-07
3.8882e+05 80 2.8265e-07
6.2355e+05 80 1.7625e-07
1e+06 80 1.099e-07
