0.01 84 2.9092e-06
0.016037 84 3.2475e-06
0.025719 84 3.6739e-06
0.041246 84 4.2316e-06
0.066147 84 4.96e-06
0.10608 84 5.9209e-06
0.17013 84 7.2085e-06
0.27283 84 8.9506e-06
0.43755 84 1.1344e-05
0.7017 84 1.4707e-05
1.1253 84 1.9524e-05
1.8047 84 2.6509e-05
2.8943 84 3.6661e-05
4.6416 84 5.1225e-05
7.4438 84 7.1499e-05
11.938 84 9.8597e-05
19.145 84 0.00013372
30.703 84 0.00017838
49.239 84 0.0002328
78.965 84 0.00029402
126.64 84 0.00035658
203.09 84 0.00041286
325.7 84 0.0004531
522.33 84 0.00046731
837.68 84 0.00044626
1343.4 84 0.00038631
2154.4 84 0.00029918
3455.1 84 0.00021012
5541 84 0.00013853
8886.2 84 8.844e-05
14251 84 5.5674e-05
22855 84 3.4846e-05
36652 84 2.176e-05
58780 84 1.3576e-05
94267 84 8.4674e-06
1.5118e+05 84 5.2803e-06
2.4245e+05 84 3.2926e-06
3.8882e+05 84 2.0532e-06
6.2355e+05 84 1.2803e-06
1e+06 84 7.9831e-07
