0.01 86 4.7283e-06
0.016037 86 5.3718e-06
0.025719 86 6.1573e-06
0.041246 86 7.1844e-06
0.066147 86 8.5679e-06
0.10608 86 1.0441e-05
0.17013 86 1.3007e-05
0.27283 86 1.6551e-05
0.43755 86 2.1474e-05
0.7017 86 2.843e-05
1.1253 86 3.8487e-05
1.8047 86 5.3145e-05
2.8943 86 7.4261e-05
4.6416 86 0.00010381
7.4438 86 0.00014333
11.938 86 0.00019384
19.145 86 0.00025705
30.703 86 0.00033578
49.239 86 0.00043037
78.965 86 0.00053608
126.64 86 0.00064489
203.09 86 0.00074492
325.7 86 0.0008224
522.33 86 0.00086445
837.68 86 0.0008556
1343.4 86 0.00078149
2154.4 86 0.00064507
3455.1 86 0.00047864
5541 86 0.0003265
8886.2 86 0.00021196
14251 86 0.00013439
22855 86 8.436e-05
36652 86 5.2741e-05
58780 86 3.292e-05
94267 86 2.0536e-05
1.5118e+05 86 1.2807e-05
2.4245e+05 86 7.9862e-06
3.8882e+05 86 4.9799e-06
6.2355e+05 86 3.1053e-06
1e+06 86 1.9363e-06
