0.01 82 1.8504e-06
0.016037 82 2.0364e-06
0.025719 82 2.2681e-06
0.041246 82 2.5576e-06
0.066147 82 2.9148e-06
0.10608 82 3.3541e-06
0.17013 82 3.9031e-06
0.27283 82 4.6173e-06
0.43755 82 5.5895e-06
0.7017 82 6.9562e-06
1.1253 82 8.9178e-06
1.8047 82 1.1784e-05
2.8943 82 1.6031e-05
4.6416 82 2.2373e-05
7.4438 82 3.1834e-05
11.938 82 4.5556e-05
19.145 82 6.4285e-05
30.703 82 8.803e-05
49.239 82 0.0001162
78.965 82 0.00014744
126.64 82 0.00017962
203.09 82 0.00020919
325.7 82 0.00022978
522.33 82 0.00023309
837.68 82 0.00021366
1343.4 82 0.00017409
2154.4 82 0.0001268
3455.1 82 8.5303e-05
5541 82 5.4971e-05
8886.2 82 3.4741e-05
14251 82 2.1778e-05
22855 82 1.3608e-05
36652 82 8.4922e-06
58780 82 5.297e-06
94267 82 3.3034e-06
1.5118e+05 82 2.0599e-06
2.4245e+05 82 1.2845e-06
3.8882e+05 82 8.0094e-07
6.2355e+05 82 4.9943e-07
1e+06 82 3.1142e-07
