0.01 99.4 0.00098088
0.016037 99.4 0.0012046
0.025719 99.4 0.0015091
0.041246 99.4 0.001934
0.066147 99.4 0.0024943
0.10608 99.4 0.0031698
0.17013 99.4 0.0039694
0.27283 99.4 0.0049674
0.43755 99.4 0.0062274
0.7017 99.4 0.0077309
1.1253 99.4 0.0093714
1.8047 99.4 0.011006
2.8943 99.4 0.012525
4.6416 99.4 0.013839
7.4438 99.4 0.014881
11.938 99.4 0.015666
19.145 99.4 0.016234
30.703 99.4 0.016577
49.239 99.4 0.016638
78.965 99.4 0.016378
126.64 99.4 0.015845
203.09 99.4 0.015102
325.7 99.4 0.014186
522.33 99.4 0.013131
837.68 99.4 0.01199
1343.4 99.4 0.010804
2154.4 99.4 0.009597
3455.1 99.4 0.0083873
5541 99.4 0.0071864
8886.2 99.4 0.0059949
14251 99.4 0.0048109
22855 99.4 0.0036609
36652 99.4 0.0026164
58780 99.4 0.0017641
94267 99.4 0.0011425
1.5118e+05 99.4 0.00072414
2.4245e+05 99.4 0.00045456
3.8882e+05 99.4 0.00028419
6.2355e+05 99.4 0.00017739
1e+06 99.4 0.00011066
