0.01 99.9 0.0043363
0.016037 99.9 0.0055024
0.025719 99.9 0.0067926
0.041246 99.9 0.0080689
0.066147 99.9 0.0092784
0.10608 99.9 0.010558
0.17013 99.9 0.011988
0.27283 99.9 0.013492
0.43755 99.9 0.014803
0.7017 99.9 0.015631
1.1253 99.9 0.01607
1.8047 99.9 0.01643
2.8943 99.9 0.01681
4.6416 99.9 0.017046
7.4438 99.9 0.016966
11.938 99.9 0.016533
19.145 99.9 0.015788
30.703 99.9 0.01481
49.239 99.9 0.013682
78.965 99.9 0.012468
126.64 99.9 0.011222
203.09 99.9 0.0099944
325.7 99.9 0.0088122
522.33 99.9 0.0076945
837.68 99.9 0.0066631
1343.4 99.9 0.0057298
2154.4 99.9 0.0048887
3455.1 99.9 0.0041298
5541 99.9 0.0034471
8886.2 99.9 0.0028353
14251 99.9 0.0022864
22855 99.9 0.0017899
36652 99.9 0.0013422
58780 99.9 0.00095444
94267 99.9 0.00064395
1.5118e+05 99.9 0.00041783
2.4245e+05 99.9 0.00026518
3.8882e+05 99.9 0.00016656
6.2355e+05 99.9 0.00010416
1e+06 99.9 6.5023e-05
