0.01 99 0.00056549
0.016037 99 0.00071229
0.025719 99 0.00090848
0.041246 99 0.001152
0.066147 99 0.0014506
0.10608 99 0.0018452
0.17013 99 0.0023893
0.27283 99 0.0031194
0.43755 99 0.0040421
0.7017 99 0.0051368
1.1253 99 0.0063699
1.8047 99 0.0077199
2.8943 99 0.0091865
4.6416 99 0.01072
7.4438 99 0.012176
11.938 99 0.013417
19.145 99 0.014414
30.703 99 0.015167
49.239 99 0.015639
78.965 99 0.015787
126.64 99 0.015627
203.09 99 0.015215
325.7 99 0.014588
522.33 99 0.013764
837.68 99 0.012777
1343.4 99 0.011679
2154.4 99 0.010507
3455.1 99 0.0092773
5541 99 0.0079982
8886.2 99 0.006668
14251 99 0.0052994
22855 99 0.0039591
36652 99 0.0027679
58780 99 0.0018333
94267 99 0.0011751
1.5118e+05 99 0.0007412
2.4245e+05 99 0.00046431
3.8882e+05 99 0.00029005
6.2355e+05 99 0.00018099
1e+06 99 0.00011289
