0.01 92 2.4265e-05
0.016037 92 2.9248e-05
0.025719 92 3.5152e-05
0.041246 92 4.2623e-05
0.066147 92 5.2594e-05
0.10608 92 6.6294e-05
0.17013 92 8.5234e-05
0.27283 92 0.00011127
0.43755 92 0.0001467
0.7017 92 0.00019498
1.1253 92 0.00026175
1.8047 92 0.00035421
2.8943 92 0.00048072
4.6416 92 0.00065146
7.4438 92 0.00087611
11.938 92 0.0011626
19.145 92 0.0015122
30.703 92 0.0019138
49.239 92 0.00235
78.965 92 0.0028021
126.64 92 0.0032452
203.09 92 0.0036464
325.7 92 0.0039696
522.33 92 0.0041788
837.68 92 0.0042415
1343.4 92 0.0041274
2154.4 92 0.0038048
3455.1 92 0.0032643
5541 92 0.0025641
8886.2 92 0.0018403
14251 92 0.0012326
22855 92 0.0007934
36652 92 0.00050125
58780 92 0.00031419
94267 92 0.00019632
1.5118e+05 92 0.00012251
2.4245e+05 92 7.6415e-05
3.8882e+05 92 4.7655e-05
6.2355e+05 92 2.9716e-05
1e+06 92 1.853e-05
