0.01 99.6 0.0014848
0.016037 99.6 0.0018007
0.025719 99.6 0.0022086
0.041246 99.6 0.0027573
0.066147 99.6 0.0035179
0.10608 99.6 0.0045301
0.17013 99.6 0.0057406
0.27283 99.6 0.0070545
0.43755 99.6 0.0084561
0.7017 99.6 0.0099854
1.1253 99.6 0.011611
1.8047 99.6 0.013201
2.8943 99.6 0.014588
4.6416 99.6 0.015657
7.4438 99.6 0.016371
11.938 99.6 0.016784
19.145 99.6 0.016989
30.703 99.6 0.016988
49.239 99.6 0.016715
78.965 99.6 0.016159
126.64 99.6 0.015387
203.09 99.6 0.014454
325.7 99.6 0.01338
522.33 99.6 0.012202
837.68 99.6 0.010979
1343.4 99.6 0.009757
2154.4 99.6 0.0085646
3455.1 99.6 0.0074146
5541 99.6 0.0063093
8886.2 99.6 0.0052477
14251 99.6 0.0042256
22855 99.6 0.0032498
36652 99.6 0.0023588
58780 99.6 0.0016136
94267 99.6 0.001055
1.5118e+05 99.6 0.00067186
2.4245e+05 99.6 0.00042262
3.8882e+05 99.6 0.00026444
6.2355e+05 99.6 0.00016512
1e+06 99.6 0.00010302
