0.01 96 8.8865e-05
0.016037 96 0.00011309
0.025719 96 0.00014487
0.041246 96 0.00018512
0.066147 96 0.0002365
0.10608 96 0.00030269
0.17013 96 0.00038753
0.27283 96 0.0004976
0.43755 96 0.0006455
0.7017 96 0.00084842
1.1253 96 0.0011231
1.8047 96 0.0014838
2.8943 96 0.001952
4.6416 96 0.0025591
7.4438 96 0.0033188
11.938 96 0.0042104
19.145 96 0.0051854
30.703 96 0.0061794
49.239 96 0.007121
78.965 96 0.0079491
126.64 96 0.0086241
203.09 96 0.0091139
325.7 96 0.0093936
522.33 96 0.0094553
837.68 96 0.0092961
1343.4 96 0.0089083
2154.4 96 0.008281
3455.1 96 0.0074044
5541 96 0.0062782
8886.2 96 0.0049627
14251 96 0.0036212
22855 96 0.0024622
36652 96 0.001599
58780 96 0.0010144
94267 96 0.00063695
1.5118e+05 96 0.00039826
2.4245e+05 96 0.0002486
3.8882e+05 96 0.00015508
6.2355e+05 96 9.6717e-05
1e+06 96 6.0312e-05
