0.01 99.2 0.00071937
0.016037 99.2 0.00089614
0.025719 99.2 0.0011414
0.041246 99.2 0.0014655
0.066147 99.2 0.0018615
0.10608 99.2 0.0023457
0.17013 99.2 0.00298
0.27283 99.2 0.0038289
0.43755 99.2 0.0049199
0.7017 99.2 0.0062175
1.1253 99.2 0.0076375
1.8047 99.2 0.0091076
2.8943 99.2 0.010591
4.6416 99.2 0.012029
7.4438 99.2 0.013338
11.938 99.2 0.014461
19.145 99.2 0.015363
30.703 99.2 0.015993
49.239 99.2 0.016301
78.965 99.2 0.016268
126.64 99.2 0.015924
203.09 99.2 0.015333
325.7 99.2 0.014545
522.33 99.2 0.013589
837.68 99.2 0.012513
1343.4 99.2 0.011369
2154.4 99.2 0.010181
3455.1 99.2 0.0089591
5541 99.2 0.0077099
8886.2 99.2 0.0064337
14251 99.2 0.0051369
22855 99.2 0.0038697
36652 99.2 0.0027318
58780 99.2 0.0018232
94267 99.2 0.0011736
1.5118e+05 99.2 0.00074175
2.4245e+05 99.2 0.00046504
3.8882e+05 99.2 0.0002906
6.2355e+05 99.2 0.00018136
1e+06 99.2 0.00011312
