0.01 98 0.0002466
0.016037 98 0.00030524
0.025719 98 0.000382
0.041246 98 0.0004898
0.066147 98 0.00063864
0.10608 98 0.00083554
0.17013 98 0.0010927
0.27283 98 0.00143
0.43755 98 0.0018683
0.7017 98 0.0024221
1.1253 98 0.0031087
1.8047 98 0.0039654
2.8943 98 0.0050219
4.6416 98 0.0062665
7.4438 98 0.0076383
11.938 98 0.0090165
19.145 98 0.010268
30.703 98 0.011314
49.239 98 0.012131
78.965 98 0.012724
126.64 98 0.013103
203.09 98 0.013259
325.7 98 0.013168
522.33 98 0.012829
837.68 98 0.012261
1343.4 98 0.011491
2154.4 98 0.010541
3455.1 98 0.0094254
5541 98 0.0081462
8886.2 98 0.0067088
14251 98 0.0051812
22855 98 0.0037209
36652 98 0.0025075
58780 98 0.0016216
94267 98 0.0010269
1.5118e+05 98 0.00064433
2.4245e+05 98 0.00040276
3.8882e+05 98 0.00025138
6.2355e+05 98 0.00015681
1e+06 98 9.7793e-05
