0.01 90 1.3543e-05
0.016037 90 1.5966e-05
0.025719 90 1.8985e-05
0.041246 90 2.2888e-05
0.066147 90 2.8002e-05
0.10608 90 3.4678e-05
0.17013 90 4.3439e-05
0.27283 90 5.5303e-05
0.43755 90 7.1959e-05
0.7017 90 9.5827e-05
1.1253 90 0.00013033
1.8047 90 0.00018028
2.8943 90 0.00025167
4.6416 90 0.00035015
7.4438 90 0.0004804
11.938 90 0.00064771
19.145 90 0.00085557
30.703 90 0.0010995
49.239 90 0.0013677
78.965 90 0.0016476
126.64 90 0.0019286
203.09 90 0.002194
325.7 90 0.002419
522.33 90 0.0025734
837.68 90 0.0026233
1343.4 90 0.0025346
2154.4 90 0.0022848
3455.1 90 0.0018862
5541 90 0.0014119
8886.2 90 0.00097178
14251 90 0.00063427
22855 90 0.00040318
36652 90 0.00025335
58780 90 0.00015846
94267 90 9.8925e-05
1.5118e+05 90 6.1713e-05
2.4245e+05 90 3.8488e-05
3.8882e+05 90 2.4001e-05
6.2355e+05 90 1.4966e-05
1e+06 90 9.3324e-06
