0.01 99.8 0.0027305
0.016037 99.8 0.0033824
0.025719 99.8 0.004067
0.041246 99.8 0.0048626
0.066147 99.8 0.0058668
0.10608 99.8 0.0071608
0.17013 99.8 0.0087997
0.27283 99.8 0.010655
0.43755 99.8 0.012365
0.7017 99.8 0.013695
1.1253 99.8 0.014834
1.8047 99.8 0.015966
2.8943 99.8 0.016933
4.6416 99.8 0.017523
7.4438 99.8 0.017699
11.938 99.8 0.01753
19.145 99.8 0.017104
30.703 99.8 0.016484
49.239 99.8 0.015686
78.965 99.8 0.014701
126.64 99.8 0.013557
203.09 99.8 0.012326
325.7 99.8 0.011076
522.33 99.8 0.0098544
837.68 99.8 0.0086904
1343.4 99.8 0.0075975
2154.4 99.8 0.0065772
3455.1 99.8 0.0056274
5541 99.8 0.0047471
8886.2 99.8 0.0039339
14251 99.8 0.0031791
22855 99.8 0.002475
36652 99.8 0.0018323
58780 99.8 0.0012809
94267 99.8 0.00085119
1.5118e+05 99.8 0.00054701
2.4245e+05 99.8 0.00034551
3.8882e+05 99.8 0.00021657
6.2355e+05 99.8 0.00013532
1e+06 99.8 8.4448e-05
