0.01 94 4.4686e-05
0.016037 94 5.5854e-05
0.025719 94 6.9269e-05
0.041246 94 8.5548e-05
0.066147 94 0.00010583
0.10608 94 0.00013237
0.17013 94 0.00016872
0.27283 94 0.00021962
0.43755 94 0.00029111
0.7017 94 0.00039065
1.1253 94 0.0005268
1.8047 94 0.00070757
2.8943 94 0.00094208
4.6416 94 0.0012458
7.4438 94 0.0016355
11.938 94 0.0021211
19.145 94 0.0027026
30.703 94 0.0033606
49.239 94 0.004055
78.965 94 0.0047392
126.64 94 0.0053683
203.09 94 0.0058974
325.7 94 0.0062816
522.33 94 0.0064852
837.68 94 0.006486
1343.4 94 0.0062682
2154.4 94 0.0058171
3455.1 94 0.00512
5541 94 0.0041997
8886.2 94 0.0031656
14251 94 0.0022017
22855 94 0.0014475
36652 94 0.00092346
58780 94 0.00058121
94267 94 0.00036375
1.5118e+05 94 0.00022714
2.4245e+05 94 0.00014172
3.8882e+05 94 8.8386e-05
6.2355e+05 94 5.5118e-05
1e+06 94 3.437e-05
