  6.283185307179591E-005   4.28006670422043        4.28006670422941     
  1.007646204758687E-004   4.28007494710172        4.28007494710926     
  1.615981105641397E-004   4.28008429777452        4.28008429778100     
  2.591579188665108E-004   4.28009509402530        4.28009509403116     
  4.156164120778096E-004   4.28010784327139        4.28010784327728     
  6.665318302598603E-004   4.28012311065749        4.28012311066298     
  1.068929589494618E-003   4.28014123131747        4.28014123132279     
  1.714262418422935E-003   4.28016249113889        4.28016249114382     
  2.749194772133345E-003   4.28018774551877        4.28018774552393     
  4.408935186293411E-003   4.28021882100134        4.28021882100556     
  7.070691998243509E-003   4.28025888273334        4.28025888273810     
  1.133940128887567E-002   4.28031373162001        4.28031373162389     
  1.818521038988791E-002   4.28039429210545        4.28039429210918     
  2.916396276132466E-002   4.28051765222531        4.28051765222814     
  4.677079372240218E-002   4.28070413029855        4.28070413030104     
  7.500719855274338E-002   4.28097821141766        4.28097821142050     
  0.120290450235312        4.28137557785082        4.28137557785275     
  0.192912049736657        4.28193684348946        4.28193684349143     
  0.309376670058165        4.28269113976305        4.28269113976400     
  0.496153164651651        4.28365103950596        4.28365103950702     
  0.795690129923392        4.28482713153970        4.28482713154060     
   1.27606317557608        4.28623003806644        4.28623003806704     
   2.04644643288220        4.28785521402915        4.28785521402940     
   3.28192450249623        4.28967511372841        4.28967511372821     
   5.26328384022997        4.29163337478525        4.29163337478571     
   8.44082694826027        4.29363295125360        4.29363295125514     
   13.5367123896863        4.29552419894505        4.29552419894838     
   21.7090793881109        4.29711216896230        4.29711216896368     
   34.8152575242990        4.29822939710175        4.29822939710446     
   55.8338810602479        4.29886599869839        4.29886599870079     
   89.5418415927019        4.29916922974395        4.29916922974552     
   143.599929712229        4.29929859169888        4.29929859170050     
   230.293898880875        4.29935087975343        4.29935087975073     
   369.326642206832        4.29937152884521        4.29937152884340     
   592.296058673838        4.29937960683269        4.29937960683108     
   949.876291145270        4.29938275520007        4.29938275519892     
   1523.33441235467        4.29938398047369        4.29938398047415     
   2442.99995009460        4.29938445704963        4.29938445705287     
   3917.88481095027        4.29938464237811        4.29938464238028     
   6283.18530717959        4.29938471444327        4.29938471444235     
