  6.283185307179591E-005   4.28371016943361        4.28371016944410     
  1.007646204758687E-004   4.28371133129421        4.28371133130300     
  1.615981105641397E-004   4.28371259091770        4.28371259092562     
  2.591579188665108E-004   4.28371398625790        4.28371398626538     
  4.156164120778096E-004   4.28371555035754        4.28371555036463     
  6.665318302598603E-004   4.28371730644555        4.28371730645207     
  1.068929589494618E-003   4.28371926446189        4.28371926446819     
  1.714262418422935E-003   4.28372143130147        4.28372143130714     
  2.749194772133345E-003   4.28372383649342        4.28372383649899     
  4.408935186293411E-003   4.28372654601495        4.28372654602073     
  7.070691998243509E-003   4.28372965772995        4.28372965773498     
  1.133940128887567E-002   4.28373332573157        4.28373332573698     
  1.818521038988791E-002   4.28373784523050        4.28373784523509     
  2.916396276132466E-002   4.28374381090198        4.28374381090625     
  4.677079372240218E-002   4.28375254959882        4.28375254960269     
  7.500719855274338E-002   4.28376680015545        4.28376680015937     
  0.120290450235312        4.28379082211175        4.28379082211551     
  0.192912049736657        4.28382939210201        4.28382939210562     
  0.309376670058165        4.28388722070254        4.28388722070547     
  0.496153164651651        4.28396877291178        4.28396877291443     
  0.795690129923392        4.28407788066942        4.28407788067255     
   1.27606317557608        4.28421805598329        4.28421805598535     
   2.04644643288220        4.28438956682618        4.28438956682822     
   3.28192450249623        4.28458203042402        4.28458203042773     
   5.26328384022997        4.28477130967335        4.28477130967681     
   8.44082694826027        4.28492632265194        4.28492632265501     
   13.5367123896863        4.28502710014415        4.28502710014830     
   21.7090793881109        4.28507961831535        4.28507961831901     
   34.8152575242990        4.28510312598039        4.28510312598270     
   55.8338810602479        4.28511283687185        4.28511283687201     
   89.5418415927019        4.28511670663090        4.28511670662736     
   143.599929712229        4.28511822596628        4.28511822596256     
   230.293898880875        4.28511881896182        4.28511881895898     
   369.326642206832        4.28511904987139        4.28511904986786     
   592.296058673838        4.28511913970281        4.28511913970059     
   949.876291145270        4.28511917463717        4.28511917463684     
   1523.33441235467        4.28511918822220        4.28511918822204     
   2442.99995009460        4.28511919350718        4.28511919350421     
   3917.88481095027        4.28511919557673        4.28511919555801     
   6283.18530717959        4.28511919637837        4.28511919635661     
