  6.283185307179591E-005   4.29874752363236        4.29874752364937     
  1.007646204758687E-004   4.29874755173666        4.29874755175226     
  1.615981105641397E-004   4.29874757969920        4.29874757971230     
  2.591579188665108E-004   4.29874760722825        4.29874760724016     
  4.156164120778096E-004   4.29874763399567        4.29874763400559     
  6.665318302598603E-004   4.29874765961190        4.29874765962084     
  1.068929589494618E-003   4.29874768387270        4.29874768388089     
  1.714262418422935E-003   4.29874770683492        4.29874770684257     
  2.749194772133345E-003   4.29874772850937        4.29874772851639     
  4.408935186293411E-003   4.29874774874344        4.29874774874987     
  7.070691998243509E-003   4.29874776734710        4.29874776735287     
  1.133940128887567E-002   4.29874778414091        4.29874778414532     
  1.818521038988791E-002   4.29874779893326        4.29874779893711     
  2.916396276132466E-002   4.29874781153357        4.29874781153639     
  4.677079372240218E-002   4.29874782179180        4.29874782179393     
  7.500719855274338E-002   4.29874782966746        4.29874782966918     
  0.120290450235312        4.29874783529092        4.29874783529191     
  0.192912049736657        4.29874783897799        4.29874783897903     
  0.309376670058165        4.29874784117874        4.29874784118003     
  0.496153164651651        4.29874784237034        4.29874784237148     
  0.795690129923392        4.29874784295742        4.29874784295869     
   1.27606317557608        4.29874784322373        4.29874784322519     
   2.04644643288220        4.29874784333665        4.29874784333856     
   3.28192450249623        4.29874784338343        4.29874784338491     
   5.26328384022997        4.29874784340171        4.29874784340329     
   8.44082694826027        4.29874784341044        4.29874784341037     
   13.5367123896863        4.29874784341492        4.29874784341333     
   21.7090793881109        4.29874784341753        4.29874784341438     
   34.8152575242990        4.29874784342010        4.29874784341486     
   55.8338810602479        4.29874784342175        4.29874784341499     
   89.5418415927019        4.29874784342223        4.29874784341504     
   143.599929712229        4.29874784342237        4.29874784341507     
   230.293898880875        4.29874784342170        4.29874784341509     
   369.326642206832        4.29874784342123        4.29874784341506     
   592.296058673838        4.29874784342096        4.29874784341507     
   949.876291145270        4.29874784342103        4.29874784341508     
   1523.33441235467        4.29874784342445        4.29874784341509     
   2442.99995009460        4.29874784342761        4.29874784341511     
   3917.88481095027        4.29874784343074        4.29874784341511     
   6283.18530717959        4.29874784342986        4.29874784341510     
