  6.283185307179591E-005   4.28278977758787        4.28278977759851     
  1.007646204758687E-004   4.28279158505419        4.28279158506297     
  1.615981105641397E-004   4.28279353495633        4.28279353496388     
  2.591579188665108E-004   4.28279569249498        4.28279569250213     
  4.156164120778096E-004   4.28279812516075        4.28279812516722     
  6.665318302598603E-004   4.28280089165586        4.28280089166232     
  1.068929589494618E-003   4.28280408102706        4.28280408103333     
  1.714262418422935E-003   4.28280780496689        4.28280780497286     
  2.749194772133345E-003   4.28281217909219        4.28281217909771     
  4.408935186293411E-003   4.28281737895705        4.28281737896206     
  7.070691998243509E-003   4.28282372390643        4.28282372391142     
  1.133940128887567E-002   4.28283181682933        4.28283181683411     
  1.818521038988791E-002   4.28284282015123        4.28284282015588     
  2.916396276132466E-002   4.28285885088569        4.28285885088956     
  4.677079372240218E-002   4.28288328290240        4.28288328290617     
  7.500719855274338E-002   4.28292042293789        4.28292042294142     
  0.120290450235312        4.28297510909526        4.28297510909855     
  0.192912049736657        4.28305445950239        4.28305445950572     
  0.309376670058165        4.28316961122383        4.28316961122695     
  0.496153164651651        4.28333211861615        4.28333211861877     
  0.795690129923392        4.28354962889084        4.28354962889380     
   1.27606317557608        4.28382510820042        4.28382510820212     
   2.04644643288220        4.28415332179438        4.28415332179613     
   3.28192450249623        4.28451859222872        4.28451859223079     
   5.26328384022997        4.28489311139390        4.28489311139789     
   8.44082694826027        4.28523181591179        4.28523181591499     
   13.5367123896863        4.28548526976141        4.28548526976446     
   21.7090793881109        4.28563630925565        4.28563630925944     
   34.8152575242990        4.28571023389113        4.28571023389340     
   55.8338810602479        4.28574220381875        4.28574220382118     
   89.5418415927019        4.28575520373235        4.28575520373007     
   143.599929712229        4.28576035015977        4.28576035015631     
   230.293898880875        4.28576236542199        4.28576236541942     
   369.326642206832        4.28576315116375        4.28576315116186     
   592.296058673838        4.28576345700323        4.28576345700116     
   949.876291145270        4.28576357596572        4.28576357596623     
   1523.33441235467        4.28576362222756        4.28576362222920     
   2442.99995009460        4.28576364021864        4.28576364021829     
   3917.88481095027        4.28576364722625        4.28576364721271     
   6283.18530717959        4.28576364995479        4.28576364993240     
