  6.283185307179591E-005   4.28096432886166        4.28096432887108     
  1.007646204758687E-004   4.28096918858216        4.28096918859047     
  1.615981105641397E-004   4.28097466655555        4.28097466656271     
  2.591579188665108E-004   4.28098082322752        4.28098082323436     
  4.156164120778096E-004   4.28098775159865        4.28098775160503     
  6.665318302598603E-004   4.28099562505326        4.28099562505950     
  1.068929589494618E-003   4.28100471918875        4.28100471919459     
  1.714262418422935E-003   4.28101545151153        4.28101545151695     
  2.749194772133345E-003   4.28102842760750        4.28102842761352     
  4.408935186293411E-003   4.28104461051346        4.28104461051899     
  7.070691998243509E-003   4.28106579156820        4.28106579157301     
  1.133940128887567E-002   4.28109555146995        4.28109555147465     
  1.818521038988791E-002   4.28114060612727        4.28114060613218     
  2.916396276132466E-002   4.28121098595583        4.28121098595976     
  4.677079372240218E-002   4.28131688910959        4.28131688911289     
  7.500719855274338E-002   4.28146778894507        4.28146778894830     
  0.120290450235312        4.28168220985313        4.28168220985618     
  0.192912049736657        4.28198938150576        4.28198938150798     
  0.309376670058165        4.28241382821839        4.28241382822123     
  0.496153164651651        4.28296605039986        4.28296605040225     
  0.795690129923392        4.28365128476213        4.28365128476333     
   1.27606317557608        4.28447782480473        4.28447782480613     
   2.04644643288220        4.28544753137660        4.28544753137811     
   3.28192450249623        4.28654003514840        4.28654003514915     
   5.26328384022997        4.28771153902341        4.28771153902465     
   8.44082694826027        4.28889038230184        4.28889038230574     
   13.5367123896863        4.28996156877308        4.28996156877523     
   21.7090793881109        4.29078984383729        4.29078984383897     
   34.8152575242990        4.29130744048504        4.29130744048800     
   55.8338810602479        4.29157093197599        4.29157093197861     
   89.5418415927019        4.29168749959530        4.29168749959771     
   143.599929712229        4.29173540478168        4.29173540478015     
   230.293898880875        4.29175445430428        4.29175445430132     
   369.326642206832        4.29176192716580        4.29176192716406     
   592.296058673838        4.29176484285455        4.29176484285393     
   949.876291145270        4.29176597805850        4.29176597805767     
   1523.33441235467        4.29176641967345        4.29176641967565     
   2442.99995009460        4.29176659141491        4.29176659141880     
   3917.88481095027        4.29176665820084        4.29176665820046     
   6283.18530717959        4.29176668417871        4.29176668416707     
