  6.283185307179591E-005   4.27908697183221        4.27908697183734     
  1.007646204758687E-004   4.27947067762695        4.27947067763118     
  1.615981105641397E-004   4.27995081860766        4.27995081861096     
  2.591579188665108E-004   4.28059938055868        4.28059938056108     
  4.156164120778096E-004   4.28145846694382        4.28145846694610     
  6.665318302598603E-004   4.28251506229351        4.28251506229513     
  1.068929589494618E-003   4.28380666741902        4.28380666742100     
  1.714262418422935E-003   4.28549087670281        4.28549087670470     
  2.749194772133345E-003   4.28781408701054        4.28781408701254     
  4.408935186293411E-003   4.29103564094116        4.29103564094277     
  7.070691998243509E-003   4.29530845417796        4.29530845417948     
  1.133940128887567E-002   4.30065553307184        4.30065553307353     
  1.818521038988791E-002   4.30708795818481        4.30708795818584     
  2.916396276132466E-002   4.31464645942832        4.31464645942964     
  4.677079372240218E-002   4.32327506990748        4.32327506990884     
  7.500719855274338E-002   4.33282610610528        4.33282610610684     
  0.120290450235312        4.34316233050250        4.34316233050374     
  0.192912049736657        4.35413232913596        4.35413232913717     
  0.309376670058165        4.36550296430310        4.36550296430432     
  0.496153164651651        4.37697835707431        4.37697835707542     
  0.795690129923392        4.38825374816101        4.38825374816236     
   1.27606317557608        4.39911834694559        4.39911834694676     
   2.04644643288220        4.40945431654254        4.40945431654364     
   3.28192450249623        4.41913532955616        4.41913532955710     
   5.26328384022997        4.42804420123161        4.42804420123243     
   8.44082694826027        4.43614116789986        4.43614116790107     
   13.5367123896863        4.44342866799999        4.44342866800147     
   21.7090793881109        4.44989457166461        4.44989457166551     
   34.8152575242990        4.45552175878506        4.45552175878632     
   55.8338810602479        4.46028689021203        4.46028689021279     
   89.5418415927019        4.46411747219312        4.46411747219469     
   143.599929712229        4.46692385903991        4.46692385904143     
   230.293898880875        4.46871282575716        4.46871282575799     
   369.326642206832        4.46967655069506        4.46967655069620     
   592.296058673838        4.47012411989959        4.47012411990100     
   949.876291145270        4.47031316163162        4.47031316163326     
   1523.33441235467        4.47038928281104        4.47038928281272     
   2442.99995009460        4.47041930030621        4.47041930030787     
   3917.88481095027        4.47043103668203        4.47043103668327     
   6283.18530717959        4.47043560990359        4.47043560990514     
