  6.283185307179591E-005   4.27848086842248        4.27848086842799     
  1.007646204758687E-004   4.27878510619535        4.27878510620003     
  1.615981105641397E-004   4.27918397864490        4.27918397864804     
  2.591579188665108E-004   4.27970891322426        4.27970891322704     
  4.156164120778096E-004   4.28035101287171        4.28035101287386     
  6.665318302598603E-004   4.28111674287517        4.28111674287725     
  1.068929589494618E-003   4.28209309717115        4.28209309717293     
  1.714262418422935E-003   4.28343422596491        4.28343422596672     
  2.749194772133345E-003   4.28532152884293        4.28532152884464     
  4.408935186293411E-003   4.28791583827169        4.28791583827329     
  7.070691998243509E-003   4.29132989699329        4.29132989699503     
  1.133940128887567E-002   4.29562878721051        4.29562878721184     
  1.818521038988791E-002   4.30092359657420        4.30092359657525     
  2.916396276132466E-002   4.30741264093342        4.30741264093469     
  4.677079372240218E-002   4.31518081510850        4.31518081511025     
  7.500719855274338E-002   4.32402897752627        4.32402897752800     
  0.120290450235312        4.33367941390639        4.33367941390748     
  0.192912049736657        4.34397673080863        4.34397673080998     
  0.309376670058165        4.35477708944323        4.35477708944428     
  0.496153164651651        4.36582838798750        4.36582838798827     
  0.795690129923392        4.37682589312342        4.37682589312499     
   1.27606317557608        4.38755696454972        4.38755696455089     
   2.04644643288220        4.39789983339566        4.39789983339678     
   3.28192450249623        4.40771352314040        4.40771352314178     
   5.26328384022997        4.41684447836950        4.41684447837042     
   8.44082694826027        4.42520085117335        4.42520085117495     
   13.5367123896863        4.43274989708474        4.43274989708583     
   21.7090793881109        4.43947253600682        4.43947253600753     
   34.8152575242990        4.44534475919854        4.44534475919942     
   55.8338810602479        4.45031996027220        4.45031996027358     
   89.5418415927019        4.45429463069471        4.45429463069598     
   143.599929712229        4.45715997473797        4.45715997473925     
   230.293898880875        4.45893734203868        4.45893734204003     
   369.326642206832        4.45986590802385        4.45986590802497     
   592.296058673838        4.46028737778206        4.46028737778370     
   949.876291145270        4.46046316844184        4.46046316844336     
   1523.33441235467        4.46053354828778        4.46053354828907     
   2442.99995009460        4.46056123548610        4.46056123548737     
   3917.88481095027        4.46057205041585        4.46057205041696     
   6283.18530717959        4.46057626300304        4.46057626300406     
