  6.283185307179591E-005   4.27767732355399        4.27767732356126     
  1.007646204758687E-004   4.27772490295895        4.27772490296480     
  1.615981105641397E-004   4.27778759683276        4.27778759683771     
  2.591579188665108E-004   4.27786857416544        4.27786857416956     
  4.156164120778096E-004   4.27797095850874        4.27797095851263     
  6.665318302598603E-004   4.27810098041075        4.27810098041445     
  1.068929589494618E-003   4.27826550614573        4.27826550614895     
  1.714262418422935E-003   4.27846929594640        4.27846929594955     
  2.749194772133345E-003   4.27872167769573        4.27872167769823     
  4.408935186293411E-003   4.27904741703914        4.27904741704204     
  7.070691998243509E-003   4.27948864612180        4.27948864612422     
  1.133940128887567E-002   4.28009330127218        4.28009330127466     
  1.818521038988791E-002   4.28091122652200        4.28091122652382     
  2.916396276132466E-002   4.28203445489264        4.28203445489432     
  4.677079372240218E-002   4.28361327369682        4.28361327369846     
  7.500719855274338E-002   4.28580431463287        4.28580431463524     
  0.120290450235312        4.28872588641360        4.28872588641472     
  0.192912049736657        4.29243756253191        4.29243756253291     
  0.309376670058165        4.29692902039135        4.29692902039251     
  0.496153164651651        4.30211717105428        4.30211717105561     
  0.795690129923392        4.30788569353878        4.30788569353989     
   1.27606317557608        4.31410860083671        4.31410860083776     
   2.04644643288220        4.32063153315708        4.32063153315780     
   3.28192450249623        4.32729155300724        4.32729155300798     
   5.26328384022997        4.33394314521046        4.33394314521174     
   8.44082694826027        4.34044265239653        4.34044265239707     
   13.5367123896863        4.34662970472452        4.34662970472546     
   21.7090793881109        4.35231971266777        4.35231971266912     
   34.8152575242990        4.35726805248301        4.35726805248561     
   55.8338810602479        4.36116812856011        4.36116812856152     
   89.5418415927019        4.36380722699216        4.36380722699385     
   143.599929712229        4.36528691387174        4.36528691387333     
   230.293898880875        4.36598906088428        4.36598906088570     
   369.326642206832        4.36628855666191        4.36628855666333     
   592.296058673838        4.36640964823193        4.36640964823171     
   949.876291145270        4.36645747733985        4.36645747733971     
   1523.33441235467        4.36647618978967        4.36647618978965     
   2442.99995009460        4.36648348315185        4.36648348315179     
   3917.88481095027        4.36648632160617        4.36648632160614     
   6283.18530717959        4.36648742564612        4.36648742564715     
