  6.283185307179591E-005   4.28013994447922        4.28013994448435     
  1.007646204758687E-004   4.28068105562477        4.28068105562886     
  1.615981105641397E-004   4.28131846266106        4.28131846266390     
  2.591579188665108E-004   4.28212895012489        4.28212895012736     
  4.156164120778096E-004   4.28324861380540        4.28324861380724     
  6.665318302598603E-004   4.28476626775855        4.28476626776007     
  1.068929589494618E-003   4.28667559192407        4.28667559192556     
  1.714262418422935E-003   4.28904089374016        4.28904089374209     
  2.749194772133345E-003   4.29211095899147        4.29211095899324     
  4.408935186293411E-003   4.29621766736871        4.29621766737038     
  7.070691998243509E-003   4.30161438743747        4.30161438743916     
  1.133940128887567E-002   4.30836078789723        4.30836078789873     
  1.818521038988791E-002   4.31636609046784        4.31636609046895     
  2.916396276132466E-002   4.32548802952220        4.32548802952340     
  4.677079372240218E-002   4.33546572213292        4.33546572213427     
  7.500719855274338E-002   4.34602506886805        4.34602506886943     
  0.120290450235312        4.35703142666827        4.35703142666944     
  0.192912049736657        4.36842312962459        4.36842312962565     
  0.309376670058165        4.38006295808147        4.38006295808260     
  0.496153164651651        4.39164707076385        4.39164707076485     
  0.795690129923392        4.40287670096194        4.40287670096359     
   1.27606317557608        4.41359778536138        4.41359778536274     
   2.04644643288220        4.42370127983182        4.42370127983327     
   3.28192450249623        4.43306191074935        4.43306191075080     
   5.26328384022997        4.44160053966372        4.44160053966490     
   8.44082694826027        4.44929767224740        4.44929767224882     
   13.5367123896863        4.45615183997667        4.45615183997801     
   21.7090793881109        4.46216747327204        4.46216747327318     
   34.8152575242990        4.46736022234713        4.46736022234776     
   55.8338810602479        4.47174361445376        4.47174361445498     
   89.5418415927019        4.47529227854629        4.47529227854754     
   143.599929712229        4.47794619108314        4.47794619108436     
   230.293898880875        4.47969542649128        4.47969542649202     
   369.326642206832        4.48067462301252        4.48067462301338     
   592.296058673838        4.48114343699089        4.48114343699300     
   949.876291145270        4.48134497126256        4.48134497126352     
   1523.33441235467        4.48142679858602        4.48142679858747     
   2442.99995009460        4.48145917944878        4.48145917945000     
   3917.88481095027        4.48147185770898        4.48147185771086     
   6283.18530717959        4.48147680069079        4.48147680069241     
