  6.283185307179591E-005   4.27749609951237        4.27749609951850     
  1.007646204758687E-004   4.27763473078144        4.27763473078633     
  1.615981105641397E-004   4.27779403307687        4.27779403308051     
  2.591579188665108E-004   4.27798637163180        4.27798637163515     
  4.156164120778096E-004   4.27823914798462        4.27823914798747     
  6.665318302598603E-004   4.27857789403615        4.27857789403891     
  1.068929589494618E-003   4.27902484100668        4.27902484100900     
  1.714262418422935E-003   4.27961659950221        4.27961659950444     
  2.749194772133345E-003   4.28041487599289        4.28041487599479     
  4.408935186293411E-003   4.28149354076671        4.28149354076895     
  7.070691998243509E-003   4.28291611930321        4.28291611930486     
  1.133940128887567E-002   4.28477506671306        4.28477506671466     
  1.818521038988791E-002   4.28724955890106        4.28724955890256     
  2.916396276132466E-002   4.29056042683761        4.29056042683909     
  4.677079372240218E-002   4.29491932846255        4.29491932846421     
  7.500719855274338E-002   4.30044658856370        4.30044658856491     
  0.120290450235312        4.30706434637537        4.30706434637673     
  0.192912049736657        4.31456158010455        4.31456158010534     
  0.309376670058165        4.32271500340855        4.32271500340965     
  0.496153164651651        4.33134035569411        4.33134035569457     
  0.795690129923392        4.34030390260771        4.34030390260911     
   1.27606317557608        4.34948829091548        4.34948829091721     
   2.04644643288220        4.35873282563196        4.35873282563316     
   3.28192450249623        4.36783268720822        4.36783268720973     
   5.26328384022997        4.37659913017154        4.37659913017281     
   8.44082694826027        4.38488553855464        4.38488553855573     
   13.5367123896863        4.39257377905690        4.39257377905834     
   21.7090793881109        4.39955748989139        4.39955748989239     
   34.8152575242990        4.40572409677626        4.40572409677789     
   55.8338810602479        4.41089160711276        4.41089160711401     
   89.5418415927019        4.41482665406902        4.41482665407027     
   143.599929712229        4.41741538122539        4.41741538122692     
   230.293898880875        4.41884002432382        4.41884002432556     
   369.326642206832        4.41950941606053        4.41950941606193     
   592.296058673838        4.41979367487152        4.41979367487310     
   949.876291145270        4.41990839509775        4.41990839509865     
   1523.33441235467        4.41995367452606        4.41995367452692     
   2442.99995009460        4.41997138436977        4.41997138437084     
   3917.88481095027        4.41997828618416        4.41997828618494     
   6283.18530717959        4.41998097213739        4.41998097213811     
