  6.283185307179591E-005   4.28186897847446        4.28186897848396     
  1.007646204758687E-004   4.28187191957112        4.28187191957978     
  1.615981105641397E-004   4.28187512482283        4.28187512483035     
  2.591579188665108E-004   4.28187864436447        4.28187864437171     
  4.156164120778096E-004   4.28188261285327        4.28188261286005     
  6.665318302598603E-004   4.28188718052356        4.28188718052976     
  1.068929589494618E-003   4.28189252204386        4.28189252205019     
  1.714262418422935E-003   4.28189890150302        4.28189890150937     
  2.749194772133345E-003   4.28190661882286        4.28190661882904     
  4.408935186293411E-003   4.28191601282330        4.28191601282887     
  7.070691998243509E-003   4.28192782170374        4.28192782170889     
  1.133940128887567E-002   4.28194370653370        4.28194370653907     
  1.818521038988791E-002   4.28196674567137        4.28196674567593     
  2.916396276132466E-002   4.28200196190183        4.28200196190664     
  4.677079372240218E-002   4.28205618831440        4.28205618831857     
  7.500719855274338E-002   4.28213633682105        4.28213633682488     
  0.120290450235312        4.28224898258382        4.28224898258692     
  0.192912049736657        4.28240523930584        4.28240523930939     
  0.309376670058165        4.28262354223076        4.28262354223339     
  0.496153164651651        4.28292158685855        4.28292158686156     
  0.795690129923392        4.28331157258120        4.28331157258372     
   1.27606317557608        4.28379840679527        4.28379840679724     
   2.04644643288220        4.28437301617752        4.28437301617906     
   3.28192450249623        4.28501672403356        4.28501672403450     
   5.26328384022997        4.28569994297513        4.28569994297841     
   8.44082694826027        4.28636415213157        4.28636415213567     
   13.5367123896863        4.28692275606625        4.28692275606910     
   21.7090793881109        4.28730563551574        4.28730563552007     
   34.8152575242990        4.28751601455444        4.28751601455766     
   55.8338810602479        4.28761350051095        4.28761350051333     
   89.5418415927019        4.28765447556510        4.28765447556583     
   143.599929712229        4.28767092734138        4.28767092733783     
   230.293898880875        4.28767740640828        4.28767740640614     
   369.326642206832        4.28767993825429        4.28767993825275     
   592.296058673838        4.28768092460666        4.28768092460559     
   949.876291145270        4.28768130840734        4.28768130840766     
   1523.33441235467        4.28768145767714        4.28768145768018     
   2442.99995009460        4.28768151572413        4.28768151572632     
   3917.88481095027        4.28768153829827        4.28768153829652     
   6283.18530717959        4.28768154709542        4.28768154707244     
