  6.283185307179591E-005   4.28464244329318        4.28464244330517     
  1.007646204758687E-004   4.28464322706994        4.28464322707984     
  1.615981105641397E-004   4.28464407312605        4.28464407313501     
  2.591579188665108E-004   4.28464499308050        4.28464499308863     
  4.156164120778096E-004   4.28464598506728        4.28464598507510     
  6.665318302598603E-004   4.28464703644456        4.28464703645162     
  1.068929589494618E-003   4.28464814255916        4.28464814256636     
  1.714262418422935E-003   4.28464931885789        4.28464931886441     
  2.749194772133345E-003   4.28465059952437        4.28465059953048     
  4.408935186293411E-003   4.28465202994345        4.28465202994910     
  7.070691998243509E-003   4.28465365742077        4.28465365742624     
  1.133940128887567E-002   4.28465554419858        4.28465554420446     
  1.818521038988791E-002   4.28465782865534        4.28465782866007     
  2.916396276132466E-002   4.28466084146461        4.28466084146943     
  4.677079372240218E-002   4.28466530128783        4.28466530129229     
  7.500719855274338E-002   4.28467262626746        4.28467262627132     
  0.120290450235312        4.28468502651035        4.28468502651465     
  0.192912049736657        4.28470483932198        4.28470483932652     
  0.309376670058165        4.28473414570126        4.28473414570529     
  0.496153164651651        4.28477530186336        4.28477530186783     
  0.795690129923392        4.28483085834608        4.28483085834932     
   1.27606317557608        4.28490236804333        4.28490236804685     
   2.04644643288220        4.28498791031860        4.28498791032230     
   3.28192450249623        4.28507951317729        4.28507951318163     
   5.26328384022997        4.28516231548715        4.28516231549157     
   8.44082694826027        4.28522136094822        4.28522136095308     
   13.5367123896863        4.28525427266766        4.28525427267230     
   21.7090793881109        4.28526957717018        4.28526957717372     
   34.8152575242990        4.28527601391843        4.28527601392080     
   55.8338810602479        4.28527859851049        4.28527859850875     
   89.5418415927019        4.28527961637777        4.28527961637405     
   143.599929712229        4.28528001413013        4.28528001412641     
   230.293898880875        4.28528016908509        4.28528016908169     
   369.326642206832        4.28528022938036        4.28528022937665     
   592.296058673838        4.28528025282949        4.28528025282717     
   949.876291145270        4.28528026194763        4.28528026194616     
   1523.33441235467        4.28528026549438        4.28528026549191     
   2442.99995009460        4.28528026688182        4.28528026687059     
   3917.88481095027        4.28528026742607        4.28528026740667     
   6283.18530717959        4.28528026763438        4.28528026761496     
