  6.283185307179591E-005   4.28216848987366        4.28216848987852     
  1.007646204758687E-004   4.28304336857404        4.28304336857781     
  1.615981105641397E-004   4.28404980252973        4.28404980253231     
  2.591579188665108E-004   4.28524173365192        4.28524173365403     
  4.156164120778096E-004   4.28674775679553        4.28674775679723     
  6.665318302598603E-004   4.28883872170318        4.28883872170500     
  1.068929589494618E-003   4.29179172701725        4.29179172701856     
  1.714262418422935E-003   4.29568170166854        4.29568170167026     
  2.749194772133345E-003   4.30045682298212        4.30045682298383     
  4.408935186293411E-003   4.30621685010302        4.30621685010476     
  7.070691998243509E-003   4.31320235436226        4.31320235436389     
  1.133940128887567E-002   4.32156316376027        4.32156316376135     
  1.818521038988791E-002   4.33120689081853        4.33120689081948     
  2.916396276132466E-002   4.34183810487099        4.34183810487213     
  4.677079372240218E-002   4.35307948763913        4.35307948764034     
  7.500719855274338E-002   4.36458408258772        4.36458408258912     
  0.120290450235312        4.37622503960149        4.37622503960311     
  0.192912049736657        4.38801327011295        4.38801327011401     
  0.309376670058165        4.39980060869654        4.39980060869779     
  0.496153164651651        4.41127428026771        4.41127428026908     
  0.795690129923392        4.42220178764756        4.42220178764912     
   1.27606317557608        4.43249805746439        4.43249805746601     
   2.04644643288220        4.44206848701947        4.44206848702062     
   3.28192450249623        4.45078861724680        4.45078861724791     
   5.26328384022997        4.45860256577521        4.45860256577656     
   8.44082694826027        4.46552138285371        4.46552138285518     
   13.5367123896863        4.47158633677720        4.47158633677831     
   21.7090793881109        4.47684896052474        4.47684896052568     
   34.8152575242990        4.48135089764496        4.48135089764606     
   55.8338810602479        4.48512535163154        4.48512535163268     
   89.5418415927019        4.48818884980606        4.48818884980735     
   143.599929712229        4.49052555537029        4.49052555537135     
   230.293898880875        4.49212753060677        4.49212753060831     
   369.326642206832        4.49307172424500        4.49307172424632     
   592.296058673838        4.49354483688384        4.49354483688531     
   949.876291145270        4.49375410318900        4.49375410319077     
   1523.33441235467        4.49384027466578        4.49384027466734     
   2442.99995009460        4.49387458281037        4.49387458281149     
   3917.88481095027        4.49388804892897        4.49388804893050     
   6283.18530717959        4.49389330421871        4.49389330422064     
