  6.283185307179591E-005   4.28741923817510        4.28741923818038     
  1.007646204758687E-004   4.28925419401329        4.28925419401738     
  1.615981105641397E-004   4.29145126679821        4.29145126680085     
  2.591579188665108E-004   4.29394602693300        4.29394602693532     
  4.156164120778096E-004   4.29685936018729        4.29685936018915     
  6.665318302598603E-004   4.30041207208545        4.30041207208706     
  1.068929589494618E-003   4.30502112482037        4.30502112482168     
  1.714262418422935E-003   4.31125588308092        4.31125588308243     
  2.749194772133345E-003   4.31925603963386        4.31925603963553     
  4.408935186293411E-003   4.32834434590184        4.32834434590327     
  7.070691998243509E-003   4.33794189152320        4.33794189152419     
  1.133940128887567E-002   4.34831439832313        4.34831439832443     
  1.818521038988791E-002   4.35975699249789        4.35975699249903     
  2.916396276132466E-002   4.37197263877360        4.37197263877481     
  4.677079372240218E-002   4.38444447420243        4.38444447420380     
  7.500719855274338E-002   4.39679932237898        4.39679932238054     
  0.120290450235312        4.40883254061087        4.40883254061242     
  0.192912049736657        4.42044978196863        4.42044978196978     
  0.309376670058165        4.43159262437797        4.43159262437923     
  0.496153164651651        4.44212481253970        4.44212481254089     
  0.795690129923392        4.45184675769119        4.45184675769295     
   1.27606317557608        4.46063722575308        4.46063722575430     
   2.04644643288220        4.46848009159008        4.46848009159140     
   3.28192450249623        4.47541208854881        4.47541208855040     
   5.26328384022997        4.48149590781819        4.48149590781912     
   8.44082694826027        4.48680450835577        4.48680450835755     
   13.5367123896863        4.49140305833236        4.49140305833402     
   21.7090793881109        4.49534360056053        4.49534360056144     
   34.8152575242990        4.49867341031970        4.49867341032122     
   55.8338810602479        4.50144406310409        4.50144406310514     
   89.5418415927019        4.50370017211063        4.50370017211198     
   143.599929712229        4.50545701528461        4.50545701528602     
   230.293898880875        4.50671534591408        4.50671534591537     
   369.326642206832        4.50750817641804        4.50750817641918     
   592.296058673838        4.50793447262588        4.50793447262742     
   949.876291145270        4.50813294893130        4.50813294893261     
   1523.33441235467        4.50821698731561        4.50821698731726     
   2442.99995009460        4.50825087302695        4.50825087302824     
   3917.88481095027        4.50826424359381        4.50826424359612     
   6283.18530717959        4.50826947258606        4.50826947258850     
