  6.283185307179591E-005   4.29638631041644        4.29638631042168     
  1.007646204758687E-004   4.29930226616969        4.29930226617384     
  1.615981105641397E-004   4.30314118435423        4.30314118435694     
  2.591579188665108E-004   4.30801027490277        4.30801027490498     
  4.156164120778096E-004   4.31361667732917        4.31361667733107     
  6.665318302598603E-004   4.31986661043123        4.31986661043281     
  1.068929589494618E-003   4.32705037057051        4.32705037057148     
  1.714262418422935E-003   4.33553936160163        4.33553936160316     
  2.749194772133345E-003   4.34550702312393        4.34550702312554     
  4.408935186293411E-003   4.35639980506002        4.35639980506146     
  7.070691998243509E-003   4.36735398429730        4.36735398429868     
  1.133940128887567E-002   4.37822772347470        4.37822772347587     
  1.818521038988791E-002   4.38943346151809        4.38943346151915     
  2.916396276132466E-002   4.40118687926477        4.40118687926574     
  4.677079372240218E-002   4.41321559053793        4.41321559053921     
  7.500719855274338E-002   4.42510462615934        4.42510462616068     
  0.120290450235312        4.43650892346540        4.43650892346664     
  0.192912049736657        4.44718400677081        4.44718400677187     
  0.309376670058165        4.45700753330554        4.45700753330669     
  0.496153164651651        4.46592067509198        4.46592067509310     
  0.795690129923392        4.47389594431654        4.47389594431797     
   1.27606317557608        4.48095649281013        4.48095649281146     
   2.04644643288220        4.48715367101344        4.48715367101460     
   3.28192450249623        4.49253252385353        4.49253252385513     
   5.26328384022997        4.49715266193730        4.49715266193867     
   8.44082694826027        4.50110528066095        4.50110528066274     
   13.5367123896863        4.50447633832763        4.50447633832913     
   21.7090793881109        4.50732557723510        4.50732557723631     
   34.8152575242990        4.50970312397284        4.50970312397379     
   55.8338810602479        4.51165982283456        4.51165982283566     
   89.5418415927019        4.51324414765016        4.51324414765150     
   143.599929712229        4.51448870659415        4.51448870659534     
   230.293898880875        4.51540562095497        4.51540562095602     
   369.326642206832        4.51601163967545        4.51601163967659     
   592.296058673838        4.51635735507850        4.51635735508061     
   949.876291145270        4.51652672305661        4.51652672305807     
   1523.33441235467        4.51660072639756        4.51660072639934     
   2442.99995009460        4.51663102860957        4.51663102861120     
   3917.88481095027        4.51664306470774        4.51664306470965     
   6283.18530717959        4.51664778448014        4.51664778448228     
