  6.283185307179591E-005   4.29402050813253        4.29402050814769     
  1.007646204758687E-004   4.29402056885431        4.29402056886764     
  1.615981105641397E-004   4.29402062950912        4.29402062952087     
  2.591579188665108E-004   4.29402068942640        4.29402068943672     
  4.156164120778096E-004   4.29402074774150        4.29402074775023     
  6.665318302598603E-004   4.29402080365592        4.29402080366407     
  1.068929589494618E-003   4.29402085695378        4.29402085696123     
  1.714262418422935E-003   4.29402090770548        4.29402090771258     
  2.749194772133345E-003   4.29402095560952        4.29402095561614     
  4.408935186293411E-003   4.29402100008565        4.29402100009138     
  7.070691998243509E-003   4.29402104059286        4.29402104059734     
  1.133940128887567E-002   4.29402107664435        4.29402107664862     
  1.818521038988791E-002   4.29402110777337        4.29402110777675     
  2.916396276132466E-002   4.29402113358281        4.29402113358540     
  4.677079372240218E-002   4.29402115387559        4.29402115387796     
  7.500719855274338E-002   4.29402116880115        4.29402116880254     
  0.120290450235312        4.29402117893654        4.29402117893777     
  0.192912049736657        4.29402118522646        4.29402118522764     
  0.309376670058165        4.29402118877320        4.29402118877385     
  0.496153164651651        4.29402119058987        4.29402119059105     
  0.795690129923392        4.29402119144292        4.29402119144418     
   1.27606317557608        4.29402119181591        4.29402119181694     
   2.04644643288220        4.29402119196948        4.29402119197149     
   3.28192450249623        4.29402119203181        4.29402119203354     
   5.26328384022997        4.29402119205670        4.29402119205795     
   8.44082694826027        4.29402119206762        4.29402119206752     
   13.5367123896863        4.29402119207283        4.29402119207115     
   21.7090793881109        4.29402119207598        4.29402119207263     
   34.8152575242990        4.29402119207893        4.29402119207323     
   55.8338810602479        4.29402119208001        4.29402119207344     
   89.5418415927019        4.29402119208105        4.29402119207353     
   143.599929712229        4.29402119208090        4.29402119207356     
   230.293898880875        4.29402119208052        4.29402119207358     
   369.326642206832        4.29402119207987        4.29402119207359     
   592.296058673838        4.29402119207921        4.29402119207360     
   949.876291145270        4.29402119208031        4.29402119207357     
   1523.33441235467        4.29402119208328        4.29402119207356     
   2442.99995009460        4.29402119208751        4.29402119207357     
   3917.88481095027        4.29402119209001        4.29402119207358     
   6283.18530717959        4.29402119208846        4.29402119207356     
