  6.283185307179591E-005   4.28931217282538        4.28931217283839     
  1.007646204758687E-004   4.28931234204829        4.28931234205998     
  1.615981105641397E-004   4.28931251421651        4.28931251422682     
  2.591579188665108E-004   4.28931268825799        4.28931268826736     
  4.156164120778096E-004   4.28931286166101        4.28931286166904     
  6.665318302598603E-004   4.28931303185010        4.28931303185778     
  1.068929589494618E-003   4.28931319852089        4.28931319852794     
  1.714262418422935E-003   4.28931336254716        4.28931336255359     
  2.749194772133345E-003   4.28931352340964        4.28931352341551     
  4.408935186293411E-003   4.28931367882641        4.28931367883186     
  7.070691998243509E-003   4.28931382488238        4.28931382488700     
  1.133940128887567E-002   4.28931395593234        4.28931395593604     
  1.818521038988791E-002   4.28931406597520        4.28931406597900     
  2.916396276132466E-002   4.28931415231271        4.28931415231527     
  4.677079372240218E-002   4.28931421815118        4.28931421815353     
  7.500719855274338E-002   4.28931427254780        4.28931427255003     
  0.120290450235312        4.28931433175924        4.28931433176096     
  0.192912049736657        4.28931442200168        4.28931442200308     
  0.309376670058165        4.28931457195454        4.28931457195563     
  0.496153164651651        4.28931478083735        4.28931478083865     
  0.795690129923392        4.28931499806252        4.28931499806380     
   1.27606317557608        4.28931516294842        4.28931516294930     
   2.04644643288220        4.28931525715580        4.28931525715727     
   3.28192450249623        4.28931530131441        4.28931530131590     
   5.26328384022997        4.28931531992930        4.28931531993032     
   8.44082694826027        4.28931532740928        4.28931532740970     
   13.5367123896863        4.28931533035684        4.28931533035593     
   21.7090793881109        4.28931533151065        4.28931533150720     
   34.8152575242990        4.28931533196134        4.28931533195585     
   55.8338810602479        4.28931533213740        4.28931533213040     
   89.5418415927019        4.28931533220631        4.28931533219834     
   143.599929712229        4.28931533223233        4.28931533222464     
   230.293898880875        4.28931533224236        4.28931533223485     
   369.326642206832        4.28931533224557        4.28931533223879     
   592.296058673838        4.28931533224627        4.28931533224035     
   949.876291145270        4.28931533224738        4.28931533224095     
   1523.33441235467        4.28931533225125        4.28931533224116     
   2442.99995009460        4.28931533225620        4.28931533224130     
   3917.88481095027        4.28931533225940        4.28931533224133     
   6283.18530717959        4.28931533225748        4.28931533224134     
