  6.283185307179591E-005   4.27837291648379        4.27837291649147     
  1.007646204758687E-004   4.27839958755691        4.27839958756288     
  1.615981105641397E-004   4.27843290482489        4.27843290482998     
  2.591579188665108E-004   4.27847328238737        4.27847328239216     
  4.156164120778096E-004   4.27852100957782        4.27852100958243     
  6.665318302598603E-004   4.27857657665574        4.27857657665998     
  1.068929589494618E-003   4.27864225168079        4.27864225168458     
  1.714262418422935E-003   4.27872293049874        4.27872293050243     
  2.749194772133345E-003   4.27882684187047        4.27882684187373     
  4.408935186293411E-003   4.27896669910526        4.27896669910872     
  7.070691998243509E-003   4.27916187098487        4.27916187098779     
  1.133940128887567E-002   4.27943759727050        4.27943759727286     
  1.818521038988791E-002   4.27981896784771        4.27981896784982     
  2.916396276132466E-002   4.28033941276036        4.28033941276227     
  4.677079372240218E-002   4.28105743056575        4.28105743056720     
  7.500719855274338E-002   4.28205130951314        4.28205130951439     
  0.120290450235312        4.28341499603225        4.28341499603352     
  0.192912049736657        4.28524703908561        4.28524703908604     
  0.309376670058165        4.28761424432872        4.28761424432936     
  0.496153164651651        4.29053366488897        4.29053366488932     
  0.795690129923392        4.29398505949961        4.29398505950054     
   1.27606317557608        4.29791804696742        4.29791804696825     
   2.04644643288220        4.30224352027038        4.30224352027067     
   3.28192450249623        4.30683218113675        4.30683218113731     
   5.26328384022997        4.31153740415488        4.31153740415547     
   8.44082694826027        4.31620788440720        4.31620788440778     
   13.5367123896863        4.32068061873135        4.32068061873171     
   21.7090793881109        4.32474987606795        4.32474987607035     
   34.8152575242990        4.32813828586893        4.32813828586993     
   55.8338810602479        4.33058199449850        4.33058199449962     
   89.5418415927019        4.33203756644615        4.33203756644756     
   143.599929712229        4.33275846678646        4.33275846678758     
   230.293898880875        4.33307317484559        4.33307317484747     
   369.326642206832        4.33320176726570        4.33320176726437     
   592.296058673838        4.33325278261173        4.33325278261018     
   949.876291145270        4.33327277668709        4.33327277668580     
   1523.33441235467        4.33328057495255        4.33328057495152     
   2442.99995009460        4.33328361072314        4.33328361072294     
   3917.88481095027        4.33328479163617        4.33328479163623     
   6283.18530717959        4.33328525087725        4.33328525087802     
