  6.283185307179591E-005   4.27919390861185        4.27919390862043     
  1.007646204758687E-004   4.27920890491101        4.27920890491832     
  1.615981105641397E-004   4.27922620596457        4.27922620597099     
  2.591579188665108E-004   4.27924587633533        4.27924587634035     
  4.156164120778096E-004   4.27926849919894        4.27926849920434     
  6.665318302598603E-004   4.27929531068974        4.27929531069501     
  1.068929589494618E-003   4.27932831509056        4.27932831509557     
  1.714262418422935E-003   4.27937027874227        4.27937027874705     
  2.749194772133345E-003   4.27942451477471        4.27942451477966     
  4.408935186293411E-003   4.27949451263409        4.27949451263835     
  7.070691998243509E-003   4.27958617450265        4.27958617450714     
  1.133940128887567E-002   4.27971084199335        4.27971084199694     
  1.818521038988791E-002   4.27988485182716        4.27988485182980     
  2.916396276132466E-002   4.28013272366989        4.28013272367266     
  4.677079372240218E-002   4.28049009467587        4.28049009467796     
  7.500719855274338E-002   4.28100387386970        4.28100387387162     
  0.120290450235312        4.28173474444411        4.28173474444583     
  0.192912049736657        4.28274071607466        4.28274071607658     
  0.309376670058165        4.28406013833308        4.28406013833438     
  0.496153164651651        4.28571912383116        4.28571912383246     
  0.795690129923392        4.28773654337648        4.28773654337717     
   1.27606317557608        4.29010743704231        4.29010743704298     
   2.04644643288220        4.29279733919402        4.29279733919474     
   3.28192450249623        4.29574064819021        4.29574064819075     
   5.26328384022997        4.29884392871756        4.29884392871825     
   8.44082694826027        4.30199310073669        4.30199310073750     
   13.5367123896863        4.30503158790514        4.30503158790863     
   21.7090793881109        4.30772554008956        4.30772554009233     
   34.8152575242990        4.30981194977489        4.30981194977629     
   55.8338810602479        4.31115133373593        4.31115133373884     
   89.5418415927019        4.31185563841120        4.31185563841367     
   143.599929712229        4.31217420962639        4.31217420962818     
   230.293898880875        4.31230660983397        4.31230660983394     
   369.326642206832        4.31235951695552        4.31235951695368     
   592.296058673838        4.31238031304918        4.31238031304806     
   949.876291145270        4.31238843346953        4.31238843346841     
   1523.33441235467        4.31239159607615        4.31239159607478     
   2442.99995009460        4.31239282654124        4.31239282654256     
   3917.88481095027        4.31239330508549        4.31239330508815     
   6283.18530717959        4.31239349117338        4.31239349117241     
