0.01 50 3.8563e-07
0.016037 50 4.2907e-07
0.025719 50 4.7995e-07
0.041246 50 5.4172e-07
0.066147 50 6.2181e-07
0.10608 50 7.3263e-07
0.17013 50 8.9143e-07
0.27283 50 1.1208e-06
0.43755 50 1.4525e-06
0.7017 50 1.9378e-06
1.1253 50 2.6639e-06
1.8047 50 3.7711e-06
2.8943 50 5.4785e-06
4.6416 50 8.1161e-06
7.4438 50 1.2143e-05
11.938 50 1.8075e-05
19.145 50 2.6255e-05
30.703 50 3.6622e-05
49.239 50 4.8823e-05
78.965 50 6.2367e-05
126.64 50 7.6306e-05
203.09 50 8.8654e-05
325.7 50 9.6109e-05
522.33 50 9.4906e-05
837.68 50 8.315e-05
1343.4 50 6.4071e-05
2154.4 50 4.4572e-05
3455.1 50 2.9193e-05
5541 50 1.8578e-05
8886.2 50 1.1679e-05
14251 50 7.3057e-06
22855 50 4.5611e-06
36652 50 2.8455e-06
58780 50 1.7746e-06
94267 50 1.1067e-06
1.5118e+05 50 6.9008e-07
2.4245e+05 50 4.303e-07
3.8882e+05 50 2.6832e-07
6.2355e+05 50 1.6731e-07
1e+06 50 1.0433e-07
