0.01 60 1.1357e-06
0.016037 60 1.3269e-06
0.025719 60 1.5807e-06
0.041246 60 1.92e-06
0.066147 60 2.3765e-06
0.10608 60 2.9972e-06
0.17013 60 3.8593e-06
0.27283 60 5.0869e-06
0.43755 60 6.8736e-06
0.7017 60 9.5173e-06
1.1253 60 1.3472e-05
1.8047 60 1.9452e-05
2.8943 60 2.8524e-05
4.6416 60 4.2059e-05
7.4438 60 6.1376e-05
11.938 60 8.7383e-05
19.145 60 0.00012113
30.703 60 0.00016416
49.239 60 0.0002168
78.965 60 0.00027638
126.64 60 0.00033777
203.09 60 0.00039377
325.7 60 0.00043484
522.33 60 0.00045127
837.68 60 0.00043471
1343.4 60 0.00038126
2154.4 60 0.00029977
3455.1 60 0.00021313
5541 60 0.00014152
8886.2 60 9.0656e-05
14251 60 5.715e-05
22855 60 3.5791e-05
36652 60 2.2355e-05
58780 60 1.3949e-05
94267 60 8.7e-06
1.5118e+05 60 5.4254e-06
2.4245e+05 60 3.3832e-06
3.8882e+05 60 2.1096e-06
6.2355e+05 60 1.3155e-06
1e+06 60 8.2025e-07
