0.01 70 3.6321e-06
0.016037 70 4.3235e-06
0.025719 70 5.2309e-06
0.041246 70 6.4718e-06
0.066147 70 8.2035e-06
0.10608 70 1.0659e-05
0.17013 70 1.4198e-05
0.27283 70 1.9379e-05
0.43755 70 2.7061e-05
0.7017 70 3.8573e-05
1.1253 70 5.5881e-05
1.8047 70 8.1749e-05
2.8943 70 0.00011961
4.6416 70 0.00017269
7.4438 70 0.00024337
11.938 70 0.00033546
19.145 70 0.00045416
30.703 70 0.00059936
49.239 70 0.0007633
78.965 70 0.00093591
126.64 70 0.001109
203.09 70 0.0012726
325.7 70 0.0014101
522.33 70 0.0015002
837.68 70 0.0015217
1343.4 70 0.0014536
2154.4 70 0.0012826
3455.1 70 0.0010257
5541 70 0.00074261
8886.2 70 0.00049906
14251 70 0.00032163
22855 70 0.00020329
36652 70 0.00012744
58780 70 7.9636e-05
94267 70 4.9698e-05
1.5118e+05 70 3.0999e-05
2.4245e+05 70 1.9332e-05
3.8882e+05 70 1.2055e-05
6.2355e+05 70 7.5171e-06
1e+06 70 4.6873e-06
