0.01 82 1.6757e-05
0.016037 82 2.0553e-05
0.025719 82 2.5487e-05
0.041246 82 3.2239e-05
0.066147 82 4.173e-05
0.10608 82 5.5167e-05
0.17013 82 7.4197e-05
0.27283 82 0.00010108
0.43755 82 0.00013911
0.7017 82 0.000194
1.1253 82 0.00027439
1.8047 82 0.00038971
2.8943 82 0.00054783
4.6416 82 0.000758
7.4438 82 0.0010344
11.938 82 0.0013902
19.145 82 0.0018279
30.703 82 0.0023346
49.239 82 0.002885
78.965 82 0.0034479
126.64 82 0.0039848
203.09 82 0.0044546
325.7 82 0.00482
522.33 82 0.0050461
837.68 82 0.0051035
1343.4 82 0.0049698
2154.4 82 0.0046207
3455.1 82 0.004042
5541 82 0.00327
8886.2 82 0.0024221
14251 82 0.0016601
22855 82 0.001082
36652 82 0.00068747
58780 82 0.00043193
94267 82 0.00027013
1.5118e+05 82 0.00016864
2.4245e+05 82 0.0001052
3.8882e+05 82 6.561e-05
6.2355e+05 82 4.0914e-05
1e+06 82 2.5513e-05
