0.01 80 1.2736e-05
0.016037 80 1.5569e-05
0.025719 80 1.9346e-05
0.041246 80 2.4567e-05
0.066147 80 3.1877e-05
0.10608 80 4.2087e-05
0.17013 80 5.6261e-05
0.27283 80 7.6102e-05
0.43755 80 0.00010456
0.7017 80 0.00014591
1.1253 80 0.00020578
1.8047 80 0.00029233
2.8943 80 0.00041598
4.6416 80 0.00058612
7.4438 80 0.00081101
11.938 80 0.0010992
19.145 80 0.0014529
30.703 80 0.0018629
49.239 80 0.0023121
78.965 80 0.0027787
126.64 80 0.0032336
203.09 80 0.0036435
325.7 80 0.0039728
522.33 80 0.004187
837.68 80 0.0042572
1343.4 80 0.0041572
2154.4 80 0.0038576
3455.1 80 0.0033447
5541 80 0.0026632
8886.2 80 0.0019367
14251 80 0.0013088
22855 80 0.00084642
36652 80 0.00053585
58780 80 0.00033617
94267 80 0.00021012
1.5118e+05 80 0.00013114
2.4245e+05 80 8.1803e-05
3.8882e+05 80 5.1015e-05
6.2355e+05 80 3.1812e-05
1e+06 80 1.9837e-05
