0.01 88 3.9754e-05
0.016037 88 5.0637e-05
0.025719 88 6.4392e-05
0.041246 88 8.1904e-05
0.066147 88 0.0001048
0.10608 88 0.00013619
0.17013 88 0.00018068
0.27283 88 0.00024446
0.43755 88 0.00033622
0.7017 88 0.00046791
1.1253 88 0.00065352
1.8047 88 0.0009077
2.8943 88 0.0012506
4.6416 88 0.0017117
7.4438 88 0.002312
11.938 88 0.0030486
19.145 88 0.0038951
30.703 88 0.0048038
49.239 88 0.0057055
78.965 88 0.0065329
126.64 88 0.0072429
203.09 88 0.0077978
325.7 88 0.0081555
522.33 88 0.0082935
837.68 88 0.0082086
1343.4 88 0.0078999
2154.4 88 0.0073615
3455.1 88 0.0065784
5541 88 0.0055528
8886.2 88 0.0043532
14251 88 0.0031448
22855 88 0.0021212
36652 88 0.0013712
58780 88 0.00086799
94267 88 0.00054452
1.5118e+05 88 0.00034035
2.4245e+05 88 0.00021242
3.8882e+05 88 0.0001325
6.2355e+05 88 8.2634e-05
1e+06 88 5.153e-05
