0.01 86 2.9604e-05
0.016037 86 3.7178e-05
0.025719 86 4.6595e-05
0.041246 86 5.8709e-05
0.066147 86 7.5138e-05
0.10608 86 9.8287e-05
0.17013 86 0.00013148
0.27283 86 0.0001794
0.43755 86 0.00024895
0.7017 86 0.00034973
1.1253 86 0.00049304
1.8047 86 0.00068937
2.8943 86 0.0009513
4.6416 86 0.0013002
7.4438 86 0.0017566
11.938 86 0.0023289
19.145 86 0.0030083
30.703 86 0.003763
49.239 86 0.0045422
78.965 86 0.005289
126.64 86 0.0059537
203.09 86 0.0064984
325.7 86 0.0068849
522.33 86 0.0070779
837.68 86 0.0070572
1343.4 86 0.0068169
2154.4 86 0.0063534
3455.1 86 0.0056519
5541 86 0.0047168
8886.2 86 0.0036325
14251 86 0.0025754
22855 86 0.001714
36652 86 0.0011001
58780 86 0.00069419
94267 86 0.00043492
1.5118e+05 86 0.0002717
2.4245e+05 86 0.00016954
3.8882e+05 86 0.00010575
6.2355e+05 86 6.5946e-05
1e+06 86 4.1123e-05
