0.01 84 2.2202e-05
0.016037 84 2.7475e-05
0.025719 84 3.4117e-05
0.041246 84 4.2984e-05
0.066147 84 5.5368e-05
0.10608 84 7.3026e-05
0.17013 84 9.8351e-05
0.27283 84 0.00013487
0.43755 84 0.00018761
0.7017 84 0.00026269
1.1253 84 0.00036678
1.8047 84 0.00050912
2.8943 84 0.00070413
4.6416 84 0.0009697
7.4438 84 0.0013231
11.938 84 0.0017747
19.145 84 0.0023223
30.703 84 0.0029479
49.239 84 0.0036154
78.965 84 0.0042793
126.64 84 0.0048946
203.09 84 0.005419
325.7 84 0.0058087
522.33 84 0.0060237
837.68 84 0.0060417
1343.4 84 0.0058527
2154.4 84 0.0054439
3455.1 84 0.0048023
5541 84 0.0039485
8886.2 84 0.0029833
14251 84 0.0020788
22855 84 0.0013682
36652 84 0.00087332
58780 84 0.00054977
94267 84 0.0003441
1.5118e+05 84 0.00021488
2.4245e+05 84 0.00013407
3.8882e+05 84 8.3616e-05
6.2355e+05 84 5.2144e-05
1e+06 84 3.2515e-05
