0.01 90 5.4367e-05
0.016037 90 7.0083e-05
0.025719 90 9.029e-05
0.041246 90 0.00011658
0.066147 90 0.00015077
0.10608 90 0.00019587
0.17013 90 0.00025782
0.27283 90 0.00034604
0.43755 90 0.00047294
0.7017 90 0.00065358
1.1253 90 0.00090589
1.8047 90 0.0012514
2.8943 90 0.0017178
4.6416 90 0.0023368
7.4438 90 0.0031225
11.938 90 0.0040572
19.145 90 0.0050952
30.703 90 0.0061647
49.239 90 0.0071768
78.965 90 0.0080577
126.64 90 0.0087623
203.09 90 0.0092607
325.7 90 0.0095361
522.33 90 0.0095873
837.68 90 0.0094162
1343.4 90 0.0090198
2154.4 90 0.0083927
3455.1 90 0.0075283
5541 90 0.0064236
8886.2 90 0.005125
14251 90 0.0037781
22855 90 0.0025896
36652 90 0.0016894
58780 90 0.0010741
94267 90 0.00067503
1.5118e+05 90 0.00042223
2.4245e+05 90 0.0002636
3.8882e+05 90 0.00016445
6.2355e+05 90 0.00010256
1e+06 90 6.3955e-05
