0.01 98 0.00045462
0.016037 98 0.00058912
0.025719 98 0.00075829
0.041246 98 0.00097016
0.066147 98 0.0012548
0.10608 98 0.0016536
0.17013 98 0.00221
0.27283 98 0.0029618
0.43755 98 0.0039351
0.7017 98 0.0051475
1.1253 98 0.0065993
1.8047 98 0.0082703
2.8943 98 0.010118
4.6416 98 0.012023
7.4438 98 0.01378
11.938 98 0.015219
19.145 98 0.016286
30.703 98 0.016991
49.239 98 0.017326
78.965 98 0.017257
126.64 98 0.016813
203.09 98 0.016096
325.7 98 0.015187
522.33 98 0.014128
837.68 98 0.012965
1343.4 98 0.011744
2154.4 98 0.010491
3455.1 98 0.0092177
5541 98 0.0079324
8886.2 98 0.006632
14251 98 0.0053166
22855 98 0.0040279
36652 98 0.0028604
58780 98 0.0019174
94267 98 0.0012373
1.5118e+05 98 0.00078284
2.4245e+05 98 0.00049103
3.8882e+05 98 0.0003069
6.2355e+05 98 0.00019154
1e+06 98 0.00011948
