0.01 99.8 0.0037099
0.016037 99.8 0.0046916
0.025719 99.8 0.0057603
0.041246 99.8 0.0069208
0.066147 99.8 0.0082975
0.10608 99.8 0.0099759
0.17013 99.8 0.011921
0.27283 99.8 0.013944
0.43755 99.8 0.015692
0.7017 99.8 0.016933
1.1253 99.8 0.01781
1.8047 99.8 0.018557
2.8943 99.8 0.019164
4.6416 99.8 0.019447
7.4438 99.8 0.019295
11.938 99.8 0.018694
19.145 99.8 0.017671
30.703 99.8 0.016325
49.239 99.8 0.0148
78.965 99.8 0.013218
126.64 99.8 0.011666
203.09 99.8 0.0102
325.7 99.8 0.0088516
522.33 99.8 0.0076323
837.68 99.8 0.0065392
1343.4 99.8 0.005557
2154.4 99.8 0.0046733
3455.1 99.8 0.0038899
5541 99.8 0.003209
8886.2 99.8 0.0026221
14251 99.8 0.0021119
22855 99.8 0.0016583
36652 99.8 0.0012512
58780 99.8 0.00089647
94267 99.8 0.000609
1.5118e+05 99.8 0.00039693
2.4245e+05 99.8 0.00025249
3.8882e+05 99.8 0.00015875
6.2355e+05 99.8 9.9317e-05
1e+06 99.8 6.201e-05
