0.01 99.6 0.0021746
0.016037 99.6 0.0026603
0.025719 99.6 0.0032661
0.041246 99.6 0.0040674
0.066147 99.6 0.0051413
0.10608 99.6 0.0065782
0.17013 99.6 0.0084168
0.27283 99.6 0.010521
0.43755 99.6 0.012555
0.7017 99.6 0.01431
1.1253 99.6 0.015926
1.8047 99.6 0.017481
2.8943 99.6 0.018756
4.6416 99.6 0.01953
7.4438 99.6 0.019767
11.938 99.6 0.019541
19.145 99.6 0.018942
30.703 99.6 0.018051
49.239 99.6 0.016912
78.965 99.6 0.015572
126.64 99.6 0.014118
203.09 99.6 0.012642
325.7 99.6 0.011198
522.33 99.6 0.0098215
837.68 99.6 0.0085411
1343.4 99.6 0.0073707
2154.4 99.6 0.0063075
3455.1 99.6 0.0053441
5541 99.6 0.004476
8886.2 99.6 0.0036962
14251 99.6 0.0029896
22855 99.6 0.0023406
36652 99.6 0.0017495
58780 99.6 0.0012366
94267 99.6 0.00082904
1.5118e+05 99.6 0.00053555
2.4245e+05 99.6 0.00033911
3.8882e+05 99.6 0.00021278
6.2355e+05 99.6 0.00013301
1e+06 99.6 8.3017e-05
