0.01 99.4 0.0014962
0.016037 99.4 0.0018462
0.025719 99.4 0.0023164
0.041246 99.4 0.002966
0.066147 99.4 0.0038766
0.10608 99.4 0.005108
0.17013 99.4 0.0066402
0.27283 99.4 0.0083623
0.43755 99.4 0.010164
0.7017 99.4 0.012026
1.1253 99.4 0.013942
1.8047 99.4 0.015798
2.8943 99.4 0.017371
4.6416 99.4 0.01849
7.4438 99.4 0.019118
11.938 99.4 0.019277
19.145 99.4 0.019038
30.703 99.4 0.0185
49.239 99.4 0.017704
78.965 99.4 0.016654
126.64 99.4 0.015404
203.09 99.4 0.014031
325.7 99.4 0.012608
522.33 99.4 0.011201
837.68 99.4 0.0098572
1343.4 99.4 0.0086004
2154.4 99.4 0.0074361
3455.1 99.4 0.0063591
5541 99.4 0.0053637
8886.2 99.4 0.0044446
14251 99.4 0.0035911
22855 99.4 0.002794
36652 99.4 0.0020653
58780 99.4 0.0014405
94267 99.4 0.00095527
1.5118e+05 99.4 0.00061311
2.4245e+05 99.4 0.00038702
3.8882e+05 99.4 0.00024252
6.2355e+05 99.4 0.00015152
1e+06 99.4 9.4553e-05
