0.01 94 0.0001148
0.016037 94 0.00014926
0.025719 94 0.00019602
0.041246 94 0.00025801
0.066147 94 0.00034115
0.10608 94 0.00045444
0.17013 94 0.00060907
0.27283 94 0.00081789
0.43755 94 0.0011006
0.7017 94 0.0014943
1.1253 94 0.0020479
1.8047 94 0.0028
2.8943 94 0.0037552
4.6416 94 0.0048892
7.4438 94 0.0061754
11.938 94 0.007554
19.145 94 0.0089183
30.703 94 0.010159
49.239 94 0.011186
78.965 94 0.011952
126.64 94 0.012457
203.09 94 0.012709
325.7 94 0.012712
522.33 94 0.012468
837.68 94 0.011984
1343.4 94 0.01128
2154.4 94 0.010377
3455.1 94 0.0092935
5541 94 0.0080317
8886.2 94 0.0066016
14251 94 0.0050792
22855 94 0.0036305
36652 94 0.002437
58780 94 0.0015723
94267 94 0.00099457
1.5118e+05 94 0.00062375
2.4245e+05 94 0.00038983
3.8882e+05 94 0.00024329
6.2355e+05 94 0.00015176
1e+06 94 9.4641e-05
