0.01 96 0.00019852
0.016037 96 0.00025147
0.025719 96 0.00032658
0.041246 96 0.00043166
0.066147 96 0.00057368
0.10608 96 0.00076453
0.17013 96 0.0010248
0.27283 96 0.0013831
0.43755 96 0.0018726
0.7017 96 0.0025226
1.1253 96 0.0033578
1.8047 96 0.0044142
2.8943 96 0.0057207
4.6416 96 0.0072503
7.4438 96 0.0089139
11.938 96 0.010553
19.145 96 0.012
30.703 96 0.013151
49.239 96 0.013974
78.965 96 0.014479
126.64 96 0.014696
203.09 96 0.014647
325.7 96 0.014341
522.33 96 0.013788
837.68 96 0.01302
1343.4 96 0.01208
2154.4 96 0.011002
3455.1 96 0.0097992
5541 96 0.0084776
8886.2 96 0.0070422
14251 96 0.0055331
22855 96 0.0040608
36652 96 0.0027874
58780 96 0.0018226
94267 96 0.0011604
1.5118e+05 96 0.00072971
2.4245e+05 96 0.00045655
3.8882e+05 96 0.00028506
6.2355e+05 96 0.00017784
1e+06 96 0.00011091
