0.01 99.2 0.0011368
0.016037 99.2 0.0014206
0.025719 99.2 0.0018118
0.041246 99.2 0.0023669
0.066147 99.2 0.0031357
0.10608 99.2 0.0041293
0.17013 99.2 0.0053289
0.27283 99.2 0.0067324
0.43755 99.2 0.0083647
0.7017 99.2 0.010217
1.1253 99.2 0.012203
1.8047 99.2 0.014168
2.8943 99.2 0.015924
4.6416 99.2 0.017317
7.4438 99.2 0.018256
11.938 99.2 0.018745
19.145 99.2 0.018866
30.703 99.2 0.018652
49.239 99.2 0.018089
78.965 99.2 0.017216
126.64 99.2 0.01613
203.09 99.2 0.014904
325.7 99.2 0.013583
522.33 99.2 0.012215
837.68 99.2 0.010853
1343.4 99.2 0.0095394
2154.4 99.2 0.0082991
3455.1 99.2 0.0071361
5541 99.2 0.0060442
8886.2 99.2 0.0050186
14251 99.2 0.0040514
22855 99.2 0.0031395
36652 99.2 0.0023047
58780 99.2 0.0015948
94267 99.2 0.0010509
1.5118e+05 99.2 0.00067207
2.4245e+05 99.2 0.00042353
3.8882e+05 99.2 0.00026522
6.2355e+05 99.2 0.00016565
1e+06 99.2 0.00010336
