0.01 92 7.6817e-05
0.016037 92 0.00010003
0.025719 92 0.00013035
0.041246 92 0.00017035
0.066147 92 0.00022393
0.10608 92 0.00029551
0.17013 92 0.00039097
0.27283 92 0.00052179
0.43755 92 0.00070752
0.7017 92 0.00097266
1.1253 92 0.0013418
1.8047 92 0.0018368
2.8943 92 0.0024801
4.6416 92 0.0032942
7.4438 92 0.004291
11.938 92 0.0054448
19.145 92 0.0066732
30.703 92 0.0078607
49.239 92 0.0089121
78.965 92 0.0097834
126.64 92 0.010454
203.09 92 0.010901
325.7 92 0.011106
522.33 92 0.01106
837.68 92 0.010767
1343.4 92 0.01024
2154.4 92 0.0094894
3455.1 92 0.008518
5541 92 0.0073196
8886.2 92 0.0059261
14251 92 0.004458
22855 92 0.0031134
36652 92 0.0020556
58780 92 0.0013146
94267 92 0.00082831
1.5118e+05 92 0.00051864
2.4245e+05 92 0.00032392
3.8882e+05 92 0.00020211
6.2355e+05 92 0.00012606
1e+06 92 7.861e-05
