0.01 99.9 0.0057116
0.016037 99.9 0.0071999
0.025719 99.9 0.0088343
0.041246 99.9 0.010535
0.066147 99.9 0.012103
0.10608 99.9 0.013604
0.17013 99.9 0.015163
0.27283 99.9 0.01662
0.43755 99.9 0.01769
0.7017 99.9 0.018258
1.1253 99.9 0.018416
1.8047 99.9 0.018287
2.8943 99.9 0.017985
4.6416 99.9 0.017586
7.4438 99.9 0.017004
11.938 99.9 0.016126
19.145 99.9 0.01495
30.703 99.9 0.013588
49.239 99.9 0.012151
78.965 99.9 0.010712
126.64 99.9 0.0093083
203.09 99.9 0.0079773
325.7 99.9 0.0067637
522.33 99.9 0.0056883
837.68 99.9 0.0047482
1343.4 99.9 0.0039369
2154.4 99.9 0.0032464
3455.1 99.9 0.002665
5541 99.9 0.0021785
8886.2 99.9 0.0017704
14251 99.9 0.0014222
22855 99.9 0.0011182
36652 99.9 0.00084942
58780 99.9 0.00061621
94267 99.9 0.00042465
1.5118e+05 99.9 0.00027985
2.4245e+05 99.9 0.00017912
3.8882e+05 99.9 0.00011294
6.2355e+05 99.9 7.074e-05
1e+06 99.9 4.4188e-05
