0.01 99 0.00091143
0.016037 99 0.0011503
0.025719 99 0.0014894
0.041246 99 0.0019672
0.066147 99 0.0025987
0.10608 99 0.0033827
0.17013 99 0.0043441
0.27283 99 0.0055479
0.43755 99 0.0070584
0.7017 99 0.0088754
1.1253 99 0.010896
1.8047 99 0.012934
2.8943 99 0.014797
4.6416 99 0.016329
7.4438 99 0.01744
11.938 99 0.018158
19.145 99 0.018538
30.703 99 0.018568
49.239 99 0.01821
78.965 99 0.017501
126.64 99 0.016552
203.09 99 0.015439
325.7 99 0.014191
522.33 99 0.012861
837.68 99 0.01151
1343.4 99 0.010179
2154.4 99 0.0088973
3455.1 99 0.0076802
5541 99 0.0065264
8886.2 99 0.0054296
14251 99 0.0043809
22855 99 0.0033822
36652 99 0.0024669
58780 99 0.0016951
94267 99 0.0011114
1.5118e+05 99 0.0007088
2.4245e+05 99 0.00044613
3.8882e+05 99 0.00027922
6.2355e+05 99 0.00017437
1e+06 99 0.00010879
