  6.283185307179591E-005   4.28014411499158        4.28014411500020     
  1.007646204758687E-004   4.28017382204520        4.28017382205246     
  1.615981105641397E-004   4.28021164413418        4.28021164414054     
  2.591579188665108E-004   4.28025966916412        4.28025966916950     
  4.156164120778096E-004   4.28032028132862        4.28032028133338     
  6.665318302598603E-004   4.28039462126143        4.28039462126562     
  1.068929589494618E-003   4.28048441648349        4.28048441648756     
  1.714262418422935E-003   4.28059611776098        4.28059611776495     
  2.749194772133345E-003   4.28074380057395        4.28074380057706     
  4.408935186293411E-003   4.28095053252222        4.28095053252545     
  7.070691998243509E-003   4.28124949917005        4.28124949917330     
  1.133940128887567E-002   4.28168588301466        4.28168588301706     
  1.818521038988791E-002   4.28232271956039        4.28232271956218     
  2.916396276132466E-002   4.28326639079846        4.28326639080018     
  4.677079372240218E-002   4.28467442813521        4.28467442813637     
  7.500719855274338E-002   4.28671359974494        4.28671359974633     
  0.120290450235312        4.28952397492004        4.28952397492146     
  0.192912049736657        4.29319559303519        4.29319559303652     
  0.309376670058165        4.29772578212522        4.29772578212632     
  0.496153164651651        4.30301140385542        4.30301140385656     
  0.795690129923392        4.30890934552214        4.30890934552313     
   1.27606317557608        4.31526462968785        4.31526462968890     
   2.04644643288220        4.32190618201491        4.32190618201628     
   3.28192450249623        4.32866741384197        4.32866741384265     
   5.26328384022997        4.33540175866034        4.33540175866118     
   8.44082694826027        4.34196645574071        4.34196645574201     
   13.5367123896863        4.34820780116541        4.34820780116816     
   21.7090793881109        4.35395675173191        4.35395675173359     
   34.8152575242990        4.35899260842271        4.35899260842464     
   55.8338810602479        4.36302316456909        4.36302316457065     
   89.5418415927019        4.36581527261221        4.36581527261398     
   143.599929712229        4.36742145499392        4.36742145499408     
   230.293898880875        4.36819856742786        4.36819856742687     
   369.326642206832        4.36853364097493        4.36853364097457     
   592.296058673838        4.36866979210445        4.36866979210352     
   949.876291145270        4.36872368115097        4.36872368115017     
   1523.33441235467        4.36874478197157        4.36874478197104     
   2442.99995009460        4.36875300890926        4.36875300890947     
   3917.88481095027        4.36875621110473        4.36875621110403     
   6283.18530717959        4.36875745668913        4.36875745668685     
