  6.283185307179591E-005   4.27980559330473        4.27980559331005     
  1.007646204758687E-004   4.28040438635033        4.28040438635462     
  1.615981105641397E-004   4.28111743536406        4.28111743536672     
  2.591579188665108E-004   4.28202280476593        4.28202280476847     
  4.156164120778096E-004   4.28328713784534        4.28328713784698     
  6.665318302598603E-004   4.28511916436028        4.28511916436224     
  1.068929589494618E-003   4.28767948949533        4.28767948949691     
  1.714262418422935E-003   4.29107343044447        4.29107343044604     
  2.749194772133345E-003   4.29546236131514        4.29546236131665     
  4.408935186293411E-003   4.30111675550821        4.30111675550961     
  7.070691998243509E-003   4.30829997142758        4.30829997142875     
  1.133940128887567E-002   4.31715729352935        4.31715729353078     
  1.818521038988791E-002   4.32761785374572        4.32761785374678     
  2.916396276132466E-002   4.33939854359053        4.33939854359154     
  4.677079372240218E-002   4.35208132431448        4.35208132431591     
  7.500719855274338E-002   4.36519562955289        4.36519562955443     
  0.120290450235312        4.37842812101912        4.37842812102048     
  0.192912049736657        4.39162951769972        4.39162951770075     
  0.309376670058165        4.40455797984222        4.40455797984347     
  0.496153164651651        4.41688347578493        4.41688347578563     
  0.795690129923392        4.42839762941497        4.42839762941668     
   1.27606317557608        4.43902642829699        4.43902642829830     
   2.04644643288220        4.44870626032368        4.44870626032490     
   3.28192450249623        4.45738025172000        4.45738025172109     
   5.26328384022997        4.46504522879587        4.46504522879712     
   8.44082694826027        4.47174507898681        4.47174507898838     
   13.5367123896863        4.47755783346279        4.47755783346440     
   21.7090793881109        4.48256628976171        4.48256628976250     
   34.8152575242990        4.48682884837625        4.48682884837719     
   55.8338810602479        4.49039100352580        4.49039100352661     
   89.5418415927019        4.49329000664094        4.49329000664240     
   143.599929712229        4.49553128929351        4.49553128929473     
   230.293898880875        4.49710941073571        4.49710941073685     
   369.326642206832        4.49807461111572        4.49807461111704     
   592.296058673838        4.49857553648239        4.49857553648416     
   949.876291145270        4.49880231785255        4.49880231785415     
   1523.33441235467        4.49889681708877        4.49889681709007     
   2442.99995009460        4.49893463778421        4.49893463778593     
   3917.88481095027        4.49894951435390        4.49894951435589     
   6283.18530717959        4.49895532501267        4.49895532501497     
