  6.283185307179591E-005   4.27784406779119        4.27784406779714     
  1.007646204758687E-004   4.27809021192294        4.27809021192741     
  1.615981105641397E-004   4.27841795840127        4.27841795840455     
  2.591579188665108E-004   4.27882083813721        4.27882083813979     
  4.156164120778096E-004   4.27930272058792        4.27930272059035     
  6.665318302598603E-004   4.27991085247436        4.27991085247647     
  1.068929589494618E-003   4.28073557704637        4.28073557704790     
  1.714262418422935E-003   4.28191048399904        4.28191048400098     
  2.749194772133345E-003   4.28359556966440        4.28359556966564     
  4.408935186293411E-003   4.28597256773040        4.28597256773173     
  7.070691998243509E-003   4.28924873361748        4.28924873361892     
  1.133940128887567E-002   4.29363188801765        4.29363188801835     
  1.818521038988791E-002   4.29935634551707        4.29935634551814     
  2.916396276132466E-002   4.30666153205773        4.30666153205881     
  4.677079372240218E-002   4.31557145169752        4.31557145169862     
  7.500719855274338E-002   4.32579038151878        4.32579038152018     
  0.120290450235312        4.33692732345465        4.33692732345564     
  0.192912049736657        4.34868567379987        4.34868567380041     
  0.309376670058165        4.36084939883143        4.36084939883248     
  0.496153164651651        4.37312201839343        4.37312201839412     
  0.795690129923392        4.38510877045680        4.38510877045794     
   1.27606317557608        4.39654077287844        4.39654077287958     
   2.04644643288220        4.40731669613685        4.40731669613755     
   3.28192450249623        4.41735078349380        4.41735078349509     
   5.26328384022997        4.42655342463278        4.42655342463384     
   8.44082694826027        4.43489290474682        4.43489290474789     
   13.5367123896863        4.44237316399568        4.44237316399663     
   21.7090793881109        4.44899225564853        4.44899225564915     
   34.8152575242990        4.45474813981627        4.45474813981790     
   55.8338810602479        4.45963249217802        4.45963249217904     
   89.5418415927019        4.46358404619891        4.46358404619958     
   143.599929712229        4.46651257529695        4.46651257529808     
   230.293898880875        4.46840926105252        4.46840926105396     
   369.326642206832        4.46944755959375        4.46944755959432     
   592.296058673838        4.46993530294167        4.46993530294282     
   949.876291145270        4.47014257559333        4.47014257559445     
   1523.33441235467        4.47022626754848        4.47022626754943     
   2442.99995009460        4.47025930802083        4.47025930802172     
   3917.88481095027        4.47027223218579        4.47027223218719     
   6283.18530717959        4.47027726914040        4.47027726914146     
