  6.283185307179591E-005   4.27851285430388        4.27851285431158     
  1.007646204758687E-004   4.27856976013250        4.27856976013879     
  1.615981105641397E-004   4.27864529360687        4.27864529361234     
  2.591579188665108E-004   4.27874398177070        4.27874398177518     
  4.156164120778096E-004   4.27887073401101        4.27887073401478     
  6.665318302598603E-004   4.27903540985561        4.27903540985908     
  1.068929589494618E-003   4.27925450059699        4.27925450060016     
  1.714262418422935E-003   4.27954815799521        4.27954815799809     
  2.749194772133345E-003   4.27993398683730        4.27993398684017     
  4.408935186293411E-003   4.28044522317453        4.28044522317691     
  7.070691998243509E-003   4.28117165014454        4.28117165014701     
  1.133940128887567E-002   4.28227454628090        4.28227454628269     
  1.818521038988791E-002   4.28395195595409        4.28395195595557     
  2.916396276132466E-002   4.28636988211420        4.28636988211579     
  4.677079372240218E-002   4.28967720147551        4.28967720147670     
  7.500719855274338E-002   4.29404106660751        4.29404106660914     
  0.120290450235312        4.29953517595425        4.29953517595535     
  0.192912049736657        4.30610099943084        4.30610099943213     
  0.309376670058165        4.31357133245610        4.31357133245720     
  0.496153164651651        4.32169967544583        4.32169967544687     
  0.795690129923392        4.33025980248057        4.33025980248189     
   1.27606317557608        4.33907516994299        4.33907516994413     
   2.04644643288220        4.34798026794880        4.34798026794962     
   3.28192450249623        4.35680746667967        4.35680746668086     
   5.26328384022997        4.36537978501476        4.36537978501587     
   8.44082694826027        4.37352787102320        4.37352787102472     
   13.5367123896863        4.38111276409359        4.38111276409508     
   21.7090793881109        4.38801681842536        4.38801681842738     
   34.8152575242990        4.39411457843814        4.39411457843936     
   55.8338810602479        4.39920977257829        4.39920977258000     
   89.5418415927019        4.40306320062600        4.40306320062710     
   143.599929712229        4.40556818489834        4.40556818489968     
   230.293898880875        4.40692679510657        4.40692679510695     
   369.326642206832        4.40755772747076        4.40755772747113     
   592.296058673838        4.40782385728098        4.40782385728113     
   949.876291145270        4.40793092412488        4.40793092412538     
   1523.33441235467        4.40797312703809        4.40797312703840     
   2442.99995009460        4.40798962484074        4.40798962484108     
   3917.88481095027        4.40799605296196        4.40799605296192     
   6283.18530717959        4.40799855436639        4.40799855436588     
