  6.283185307179591E-005   4.28872828811322        4.28872828811832     
  1.007646204758687E-004   4.29113875317151        4.29113875317563     
  1.615981105641397E-004   4.29426498386758        4.29426498387018     
  2.591579188665108E-004   4.29798799821032        4.29798799821243     
  4.156164120778096E-004   4.30235454526811        4.30235454526999     
  6.665318302598603E-004   4.30771161244008        4.30771161244180     
  1.068929589494618E-003   4.31450697295450        4.31450697295573     
  1.714262418422935E-003   4.32315346603278        4.32315346603414     
  2.749194772133345E-003   4.33364010291999        4.33364010292155     
  4.408935186293411E-003   4.34524428705714        4.34524428705857     
  7.070691998243509E-003   4.35724113465599        4.35724113465744     
  1.133940128887567E-002   4.36961577184859        4.36961577184969     
  1.818521038988791E-002   4.38265839641084        4.38265839641181     
  2.916396276132466E-002   4.39631196135892        4.39631196135986     
  4.677079372240218E-002   4.41016281808688        4.41016281808835     
  7.500719855274338E-002   4.42378494559325        4.42378494559485     
  0.120290450235312        4.43675758802173        4.43675758802314     
  0.192912049736657        4.44869694917289        4.44869694917443     
  0.309376670058165        4.45940488051277        4.45940488051428     
  0.496153164651651        4.46884902101130        4.46884902101256     
  0.795690129923392        4.47707962823683        4.47707962823865     
   1.27606317557608        4.48419710771375        4.48419710771510     
   2.04644643288220        4.49031918110217        4.49031918110350     
   3.28192450249623        4.49556585636257        4.49556585636441     
   5.26328384022997        4.50005298622892        4.50005298623032     
   8.44082694826027        4.50387118003541        4.50387118003690     
   13.5367123896863        4.50707499391081        4.50707499391247     
   21.7090793881109        4.50971735779698        4.50971735779841     
   34.8152575242990        4.51187704899947        4.51187704900043     
   55.8338810602479        4.51363838967992        4.51363838968097     
   89.5418415927019        4.51506891222530        4.51506891222661     
   143.599929712229        4.51620591349246        4.51620591349353     
   230.293898880875        4.51705771525065        4.51705771525177     
   369.326642206832        4.51763262729381        4.51763262729490     
   592.296058673838        4.51796861623244        4.51796861623466     
   949.876291145270        4.51813676815027        4.51813676815150     
   1523.33441235467        4.51821125080766        4.51821125080928     
   2442.99995009460        4.51824195913887        4.51824195914037     
   3917.88481095027        4.51825419308150        4.51825419308348     
   6283.18530717959        4.51825899629024        4.51825899629265     
