  6.283185307179591E-005   4.28192203157472        4.28192203158426     
  1.007646204758687E-004   4.28193907970410        4.28193907971218     
  1.615981105641397E-004   4.28195976769466        4.28195976770166     
  2.591579188665108E-004   4.28198412430982        4.28198412431634     
  4.156164120778096E-004   4.28201250855172        4.28201250855770     
  6.665318302598603E-004   4.28204628520242        4.28204628520792     
  1.068929589494618E-003   4.28208793761492        4.28208793762016     
  1.714262418422935E-003   4.28214131397717        4.28214131398176     
  2.749194772133345E-003   4.28221275206504        4.28221275206910     
  4.408935186293411E-003   4.28231431332726        4.28231431333098     
  7.070691998243509E-003   4.28246758438669        4.28246758439014     
  1.133940128887567E-002   4.28270182463607        4.28270182463942     
  1.818521038988791E-002   4.28304596028539        4.28304596028810     
  2.916396276132466E-002   4.28354332082283        4.28354332082500     
  4.677079372240218E-002   4.28427361105958        4.28427361106102     
  7.500719855274338E-002   4.28534115150255        4.28534115150449     
  0.120290450235312        4.28686135176032        4.28686135176151     
  0.192912049736657        4.28893859085571        4.28893859085676     
  0.309376670058165        4.29163276654757        4.29163276654810     
  0.496153164651651        4.29494430571989        4.29494430572070     
  0.795690129923392        4.29881933588884        4.29881933588941     
   1.27606317557608        4.30318070900407        4.30318070900437     
   2.04644643288220        4.30793367760569        4.30793367760637     
   3.28192450249623        4.31294349939733        4.31294349939753     
   5.26328384022997        4.31804747180863        4.31804747180919     
   8.44082694826027        4.32308321193417        4.32308321193573     
   13.5367123896863        4.32790318572997        4.32790318573206     
   21.7090793881109        4.33233555264344        4.33233555264553     
   34.8152575242990        4.33612049791488        4.33612049791635     
   55.8338810602479        4.33896846307960        4.33896846308122     
   89.5418415927019        4.34075860682210        4.34075860682294     
   143.599929712229        4.34168753379158        4.34168753379010     
   230.293898880875        4.34210480069379        4.34210480069263     
   369.326642206832        4.34227767568365        4.34227767568225     
   592.296058673838        4.34234666628862        4.34234666628726     
   949.876291145270        4.34237377011298        4.34237377011186     
   1523.33441235467        4.34238435138762        4.34238435138732     
   2442.99995009460        4.34238847207549        4.34238847207586     
   3917.88481095027        4.34239007525391        4.34239007525225     
   6283.18530717959        4.34239069874982        4.34239069874173     
