  6.283185307179591E-005   4.28466816942021        4.28466816943156     
  1.007646204758687E-004   4.28467524289333        4.28467524290295     
  1.615981105641397E-004   4.28468336208861        4.28468336209698     
  2.591579188665108E-004   4.28469291728140        4.28469291728927     
  4.156164120778096E-004   4.28470458518830        4.28470458519544     
  6.665318302598603E-004   4.28471930451535        4.28471930452217     
  1.068929589494618E-003   4.28473809134160        4.28473809134791     
  1.714262418422935E-003   4.28476181404849        4.28476181405443     
  2.749194772133345E-003   4.28479202762950        4.28479202763482     
  4.408935186293411E-003   4.28483243207916        4.28483243208410     
  7.070691998243509E-003   4.28488903212811        4.28488903213296     
  1.133940128887567E-002   4.28497151374583        4.28497151374976     
  1.818521038988791E-002   4.28509906695983        4.28509906696346     
  2.916396276132466E-002   4.28530149851099        4.28530149851412     
  4.677079372240218E-002   4.28561382252017        4.28561382252303     
  7.500719855274338E-002   4.28608173446681        4.28608173446905     
  0.120290450235312        4.28676663845058        4.28676663845258     
  0.192912049736657        4.28772899847538        4.28772899847677     
  0.309376670058165        4.28901486306248        4.28901486306375     
  0.496153164651651        4.29065701064646        4.29065701064728     
  0.795690129923392        4.29267091203174        4.29267091203250     
   1.27606317557608        4.29504542458908        4.29504542458989     
   2.04644643288220        4.29774176415689        4.29774176415785     
   3.28192450249623        4.30068984478217        4.30068984478282     
   5.26328384022997        4.30379506336330        4.30379506336538     
   8.44082694826027        4.30694797871225        4.30694797871531     
   13.5367123896863        4.31000536348448        4.31000536348668     
   21.7090793881109        4.31275174543955        4.31275174544188     
   34.8152575242990        4.31492978373963        4.31492978374157     
   55.8338810602479        4.31637394162955        4.31637394163044     
   89.5418415927019        4.31715697873907        4.31715697873723     
   143.599929712229        4.31751840650071        4.31751840649820     
   230.293898880875        4.31767017108163        4.31767017107964     
   369.326642206832        4.31773108999895        4.31773108999739     
   592.296058673838        4.31775507936929        4.31775507936789     
   949.876291145270        4.31776445352965        4.31776445352886     
   1523.33441235467        4.31776810546393        4.31776810546487     
   2442.99995009460        4.31776952647417        4.31776952647351     
   3917.88481095027        4.31777007915052        4.31777007914692     
   6283.18530717959        4.31777029407469        4.31777029405969     
