  6.283185307179591E-005   4.29874983529901        4.29874983531460     
  1.007646204758687E-004   4.29875008037720        4.29875008039182     
  1.615981105641397E-004   4.29875034790019        4.29875034791275     
  2.591579188665108E-004   4.29875063673928        4.29875063675015     
  4.156164120778096E-004   4.29875094550120        4.29875094551132     
  6.665318302598603E-004   4.29875127729158        4.29875127730056     
  1.068929589494618E-003   4.29875164215456        4.29875164216307     
  1.714262418422935E-003   4.29875205582887        4.29875205583629     
  2.749194772133345E-003   4.29875253350506        4.29875253351226     
  4.408935186293411E-003   4.29875308603675        4.29875308604365     
  7.070691998243509E-003   4.29875373018584        4.29875373019215     
  1.133940128887567E-002   4.29875451105631        4.29875451106183     
  1.818521038988791E-002   4.29875553958801        4.29875553959324     
  2.916396276132466E-002   4.29875707880999        4.29875707881469     
  4.677079372240218E-002   4.29875973076723        4.29875973077195     
  7.500719855274338E-002   4.29876472306062        4.29876472306455     
  0.120290450235312        4.29877402213770        4.29877402214111     
  0.192912049736657        4.29878986465502        4.29878986465837     
  0.309376670058165        4.29881416921537        4.29881416921901     
  0.496153164651651        4.29884878302107        4.29884878302425     
  0.795690129923392        4.29889588026622        4.29889588026926     
   1.27606317557608        4.29895727662556        4.29895727662965     
   2.04644643288220        4.29903219470809        4.29903219471211     
   3.28192450249623        4.29911440125209        4.29911440125644     
   5.26328384022997        4.29919086822286        4.29919086822727     
   8.44082694826027        4.29924715272969        4.29924715273308     
   13.5367123896863        4.29927938252321        4.29927938252524     
   21.7090793881109        4.29929462348584        4.29929462348572     
   34.8152575242990        4.29930108679880        4.29930108679690     
   55.8338810602479        4.29930369136145        4.29930369135920     
   89.5418415927019        4.29930471858687        4.29930471858399     
   143.599929712229        4.29930512022809        4.29930512022477     
   230.293898880875        4.29930527673320        4.29930527673010     
   369.326642206832        4.29930533763621        4.29930533763364     
   592.296058673838        4.29930536132492        4.29930536132161     
   949.876291145270        4.29930537053839        4.29930537053314     
   1523.33441235467        4.29930537412329        4.29930537411473     
   2442.99995009460        4.29930537551852        4.29930537550749     
   3917.88481095027        4.29930537606220        4.29930537604892     
   6283.18530717959        4.29930537627187        4.29930537625961     
