  6.283185307179591E-005   4.28317541310160        4.28317541310685     
  1.007646204758687E-004   4.28449634610229        4.28449634610623     
  1.615981105641397E-004   4.28601374616255        4.28601374616516     
  2.591579188665108E-004   4.28782388154383        4.28782388154584     
  4.156164120778096E-004   4.29007702591624        4.29007702591805     
  6.665318302598603E-004   4.29304292143997        4.29304292144163     
  1.068929589494618E-003   4.29719708077350        4.29719708077468     
  1.714262418422935E-003   4.30310706512548        4.30310706512708     
  2.749194772133345E-003   4.31092897839696        4.31092897839858     
  4.408935186293411E-003   4.32011767875581        4.32011767875702     
  7.070691998243509E-003   4.33027113893786        4.33027113893925     
  1.133940128887567E-002   4.34166795470100        4.34166795470206     
  1.818521038988791E-002   4.35445984281846        4.35445984281946     
  2.916396276132466E-002   4.36821059112230        4.36821059112345     
  4.677079372240218E-002   4.38230262504280        4.38230262504409     
  7.500719855274338E-002   4.39627871586045        4.39627871586195     
  0.120290450235312        4.40983334820615        4.40983334820766     
  0.192912049736657        4.42277269181771        4.42277269181875     
  0.309376670058165        4.43494560080136        4.43494560080270     
  0.496153164651651        4.44615315285612        4.44615315285740     
  0.795690129923392        4.45624419239718        4.45624419239858     
   1.27606317557608        4.46520440436593        4.46520440436714     
   2.04644643288220        4.47308837505066        4.47308837505190     
   3.28192450249623        4.47995584336529        4.47995584336686     
   5.26328384022997        4.48588534401481        4.48588534401584     
   8.44082694826027        4.49097967323760        4.49097967323898     
   13.5367123896863        4.49533423587418        4.49533423587564     
   21.7090793881109        4.49902157395318        4.49902157395425     
   34.8152575242990        4.50210835316198        4.50210835316314     
   55.8338810602479        4.50466487417686        4.50466487417789     
   89.5418415927019        4.50675167433296        4.50675167433387     
   143.599929712229        4.50839541741446        4.50839541741572     
   230.293898880875        4.50959837931743        4.50959837931864     
   369.326642206832        4.51038059806407        4.51038059806528     
   592.296058673838        4.51081600015752        4.51081600015899     
   949.876291145270        4.51102418464322        4.51102418464462     
   1523.33441235467        4.51111367484283        4.51111367484398     
   2442.99995009460        4.51115001354061        4.51115001354200     
   3917.88481095027        4.51116439446181        4.51116439446356     
   6283.18530717959        4.51117002526317        4.51117002526551     
