  6.283185307179591E-005   4.28374704178401        4.28374704179429     
  1.007646204758687E-004   4.28375653745682        4.28375653746599     
  1.615981105641397E-004   4.28376741967186        4.28376741967977     
  2.591579188665108E-004   4.28378003093196        4.28378003093962     
  4.156164120778096E-004   4.28379511815119        4.28379511815786     
  6.665318302598603E-004   4.28381384262961        4.28381384263585     
  1.068929589494618E-003   4.28383779649510        4.28383779650124     
  1.714262418422935E-003   4.28386910822903        4.28386910823458     
  2.749194772133345E-003   4.28391007868521        4.28391007869010     
  4.408935186293411E-003   4.28396415287475        4.28396415287952     
  7.070691998243509E-003   4.28404085228228        4.28404085228686     
  1.133940128887567E-002   4.28415961406659        4.28415961407049     
  1.818521038988791E-002   4.28434564949704        4.28434564950042     
  2.916396276132466E-002   4.28462440973117        4.28462440973362     
  4.677079372240218E-002   4.28503255074024        4.28503255074254     
  7.500719855274338E-002   4.28563085632046        4.28563085632257     
  0.120290450235312        4.28649914924160        4.28649914924337     
  0.192912049736657        4.28771681241595        4.28771681241727     
  0.309376670058165        4.28934158126537        4.28934158126575     
  0.496153164651651        4.29140724138932        4.29140724138937     
  0.795690129923392        4.29392183624743        4.29392183624805     
   1.27606317557608        4.29685498248670        4.29685498248728     
   2.04644643288220        4.30014477588818        4.30014477588858     
   3.28192450249623        4.30370451890837        4.30370451890861     
   5.26328384022997        4.30741874965700        4.30741874965760     
   8.44082694826027        4.31115767621741        4.31115767622033     
   13.5367123896863        4.31477035140391        4.31477035140584     
   21.7090793881109        4.31804163884996        4.31804163885234     
   34.8152575242990        4.32070353308485        4.32070353308611     
   55.8338810602479        4.32254798232138        4.32254798232350     
   89.5418415927019        4.32359690245937        4.32359690245839     
   143.599929712229        4.32409795168298        4.32409795168079     
   230.293898880875        4.32431223713470        4.32431223713321     
   369.326642206832        4.32439896385991        4.32439896385820     
   592.296058673838        4.32443323258196        4.32443323258011     
   949.876291145270        4.32444664170466        4.32444664170355     
   1523.33441235467        4.32445186833947        4.32445186834059     
   2442.99995009460        4.32445390250533        4.32445390250511     
   3917.88481095027        4.32445469372098        4.32445469371767     
   6283.18530717959        4.32445500141424        4.32445500139845     
