  6.283185307179591E-005   4.27789407738563        4.27789407739246     
  1.007646204758687E-004   4.27799389157197        4.27799389157762     
  1.615981105641397E-004   4.27811472871041        4.27811472871470     
  2.591579188665108E-004   4.27827365028761        4.27827365029153     
  4.156164120778096E-004   4.27848639714451        4.27848639714792     
  6.665318302598603E-004   4.27876585508975        4.27876585509260     
  1.068929589494618E-003   4.27913295779073        4.27913295779330     
  1.714262418422935E-003   4.27962892388153        4.27962892388353     
  2.749194772133345E-003   4.28032561979329        4.28032561979560     
  4.408935186293411E-003   4.28132622326709        4.28132622326874     
  7.070691998243509E-003   4.28274442574920        4.28274442575110     
  1.133940128887567E-002   4.28471623829002        4.28471623829159     
  1.818521038988791E-002   4.28747085654228        4.28747085654342     
  2.916396276132466E-002   4.29128665724231        4.29128665724332     
  4.677079372240218E-002   4.29641177816788        4.29641177816879     
  7.500719855274338E-002   4.30296693695232        4.30296693695309     
  0.120290450235312        4.31082998346556        4.31082998346650     
  0.192912049736657        4.31970966773739        4.31970966773803     
  0.309376670058165        4.32929234616956        4.32929234617090     
  0.496153164651651        4.33929910884040        4.33929910884112     
  0.795690129923392        4.34950856772430        4.34950856772528     
   1.27606317557608        4.35975635178013        4.35975635178106     
   2.04644643288220        4.36987785317713        4.36987785317807     
   3.28192450249623        4.37968195864897        4.37968195865018     
   5.26328384022997        4.38898602236851        4.38898602236972     
   8.44082694826027        4.39765717878388        4.39765717878483     
   13.5367123896863        4.40561565790625        4.40561565790742     
   21.7090793881109        4.41279547048486        4.41279547048617     
   34.8152575242990        4.41911576254810        4.41911576254961     
   55.8338810602479        4.42445384194281        4.42445384194417     
   89.5418415927019        4.42863898194880        4.42863898194964     
   143.599929712229        4.43154193938126        4.43154193938232     
   230.293898880875        4.43324349279155        4.43324349279255     
   369.326642206832        4.43408438952280        4.43408438952323     
   592.296058673838        4.43445207196429        4.43445207196448     
   949.876291145270        4.43460251449567        4.43460251449611     
   1523.33441235467        4.43466223891096        4.43466223891153     
   2442.99995009460        4.43468565308792        4.43468565308834     
   3917.88481095027        4.43469478636419        4.43469478636491     
   6283.18530717959        4.43469834200486        4.43469834200512     
