  6.283185307179591E-005   4.27929508237397        4.27929508238161     
  1.007646204758687E-004   4.27933527575228        4.27933527575865     
  1.615981105641397E-004   4.27938755568621        4.27938755569140     
  2.591579188665108E-004   4.27945425113733        4.27945425114246     
  4.156164120778096E-004   4.27954006280578        4.27954006280987     
  6.665318302598603E-004   4.27965167347315        4.27965167347722     
  1.068929589494618E-003   4.27979436703167        4.27979436703577     
  1.714262418422935E-003   4.27997275625943        4.27997275626214     
  2.749194772133345E-003   4.28020244745714        4.28020244746024     
  4.408935186293411E-003   4.28052101766478        4.28052101766744     
  7.070691998243509E-003   4.28098974848780        4.28098974849011     
  1.133940128887567E-002   4.28168695010842        4.28168695010979     
  1.818521038988791E-002   4.28270576034377        4.28270576034506     
  2.916396276132466E-002   4.28416873894463        4.28416873894594     
  4.677079372240218E-002   4.28624478736110        4.28624478736241     
  7.500719855274338E-002   4.28914174013814        4.28914174013970     
  0.120290450235312        4.29302441017788        4.29302441017871     
  0.192912049736657        4.29792150971384        4.29792150971475     
  0.309376670058165        4.30371042052075        4.30371042052146     
  0.496153164651651        4.31021738872987        4.31021738873023     
  0.795690129923392        4.31729406155093        4.31729406155162     
   1.27606317557608        4.32479584191528        4.32479584191588     
   2.04644643288220        4.33255202560753        4.33255202560764     
   3.28192450249623        4.34037719249720        4.34037719249787     
   5.26328384022997        4.34808773936284        4.34808773936374     
   8.44082694826027        4.35551564453218        4.35551564453315     
   13.5367123896863        4.36251283460230        4.36251283460450     
   21.7090793881109        4.36893750655540        4.36893750655719     
   34.8152575242990        4.37459963814781        4.37459963814912     
   55.8338810602479        4.37922831374450        4.37922831374573     
   89.5418415927019        4.38257572559686        4.38257572559804     
   143.599929712229        4.38461666774960        4.38461666775031     
   230.293898880875        4.38565555160078        4.38565555160045     
   369.326642206832        4.38611756451825        4.38611756451772     
   592.296058673838        4.38630811810924        4.38630811810877     
   949.876291145270        4.38638402198848        4.38638402198804     
   1523.33441235467        4.38641381955414        4.38641381955351     
   2442.99995009460        4.38642544905223        4.38642544905205     
   3917.88481095027        4.38642997743426        4.38642997743433     
   6283.18530717959        4.38643173914855        4.38643173914769     
