  6.283185307179591E-005   4.29810214294303        4.29810214294872     
  1.007646204758687E-004   4.30202325619130        4.30202325619549     
  1.615981105641397E-004   4.30698854978702        4.30698854978989     
  2.591579188665108E-004   4.31333466324938        4.31333466325152     
  4.156164120778096E-004   4.32090904006539        4.32090904006711     
  6.665318302598603E-004   4.32934858593012        4.32934858593160     
  1.068929589494618E-003   4.33888582816247        4.33888582816387     
  1.714262418422935E-003   4.34987994138844        4.34987994139028     
  2.749194772133345E-003   4.36212091733846        4.36212091734008     
  4.408935186293411E-003   4.37496299042394        4.37496299042538     
  7.070691998243509E-003   4.38786921292934        4.38786921293079     
  1.133940128887567E-002   4.40059204744078        4.40059204744220     
  1.818521038988791E-002   4.41300217484780        4.41300217484899     
  2.916396276132466E-002   4.42521021528939        4.42521021529052     
  4.677079372240218E-002   4.43730196381954        4.43730196382142     
  7.500719855274338E-002   4.44902890307553        4.44902890307703     
  0.120290450235312        4.45997392206790        4.45997392206934     
  0.192912049736657        4.46985651252659        4.46985651252800     
  0.309376670058165        4.47861098804022        4.47861098804186     
  0.496153164651651        4.48627220052109        4.48627220052261     
  0.795690129923392        4.49288733652166        4.49288733652299     
   1.27606317557608        4.49848822892347        4.49848822892489     
   2.04644643288220        4.50315895763834        4.50315895763956     
   3.28192450249623        4.50703567381640        4.50703567381800     
   5.26328384022997        4.51023925553737        4.51023925553887     
   8.44082694826027        4.51286716197876        4.51286716198024     
   13.5367123896863        4.51501208801157        4.51501208801304     
   21.7090793881109        4.51675894591428        4.51675894591575     
   34.8152575242990        4.51818198581523        4.51818198581622     
   55.8338810602479        4.51934385346588        4.51934385346723     
   89.5418415927019        4.52028927303129        4.52028927303276     
   143.599929712229        4.52104281005123        4.52104281005271     
   230.293898880875        4.52161391087625        4.52161391087747     
   369.326642206832        4.52201075260898        4.52201075261041     
   592.296058673838        4.52225408684093        4.52225408684251     
   949.876291145270        4.52238241590290        4.52238241590458     
   1523.33441235467        4.52244149361440        4.52244149361613     
   2442.99995009460        4.52246636852235        4.52246636852419     
   3917.88481095027        4.52247637377118        4.52247637377337     
   6283.18530717959        4.52248031761579        4.52248031761802     
