  6.283185307179591E-005   4.28102424572923        4.28102424573846     
  1.007646204758687E-004   4.28104663684996        4.28104663685735     
  1.615981105641397E-004   4.28107471448046        4.28107471448744     
  2.591579188665108E-004   4.28110931289558        4.28110931290201     
  4.156164120778096E-004   4.28115070380641        4.28115070381177     
  6.665318302598603E-004   4.28119980136939        4.28119980137439     
  1.068929589494618E-003   4.28125971545574        4.28125971546047     
  1.714262418422935E-003   4.28133600623258        4.28133600623700     
  2.749194772133345E-003   4.28143741847018        4.28143741847405     
  4.408935186293411E-003   4.28157953274812        4.28157953275174     
  7.070691998243509E-003   4.28178857016931        4.28178857017281     
  1.133940128887567E-002   4.28209835798618        4.28209835798899     
  1.818521038988791E-002   4.28254781207879        4.28254781208083     
  2.916396276132466E-002   4.28320600059741        4.28320600059956     
  4.677079372240218E-002   4.28419253555379        4.28419253555547     
  7.500719855274338E-002   4.28564753780834        4.28564753781022     
  0.120290450235312        4.28769937905740        4.28769937905867     
  0.192912049736657        4.29044946736945        4.29044946737038     
  0.309376670058165        4.29393928220067        4.29393928220121     
  0.496153164651651        4.29812050684879        4.29812050684958     
  0.795690129923392        4.30290164286799        4.30290164286912     
   1.27606317557608        4.30819219675435        4.30819219675512     
   2.04644643288220        4.31385939899722        4.31385939899850     
   3.28192450249623        4.31972761586195        4.31972761586252     
   5.26328384022997        4.32563058194090        4.32563058194160     
   8.44082694826027        4.33141929148474        4.33141929148636     
   13.5367123896863        4.33694882798700        4.33694882798944     
   21.7090793881109        4.34204255282629        4.34204255282830     
   34.8152575242990        4.34644871427556        4.34644871427728     
   55.8338810602479        4.34987247614921        4.34987247615024     
   89.5418415927019        4.35213358163812        4.35213358163963     
   143.599929712229        4.35336603402940        4.35336603402907     
   230.293898880875        4.35393839012536        4.35393839012474     
   369.326642206832        4.35417962323029        4.35417962322923     
   592.296058673838        4.35427662553222        4.35427662553149     
   949.876291145270        4.35431485247778        4.35431485247691     
   1523.33441235467        4.35432979458433        4.35432979458389     
   2442.99995009460        4.35433561632917        4.35433561632984     
   3917.88481095027        4.35433788173944        4.35433788173844     
   6283.18530717959        4.35433876284440        4.35433876284046     
