  6.283185307179591E-005   4.28283092651401        4.28283092652408     
  1.007646204758687E-004   4.28284372589233        4.28284372590104     
  1.615981105641397E-004   4.28285863912627        4.28285863913401     
  2.591579188665108E-004   4.28287580536305        4.28287580537024     
  4.156164120778096E-004   4.28289591025724        4.28289591026354     
  6.665318302598603E-004   4.28292032703046        4.28292032703610     
  1.068929589494618E-003   4.28295108909056        4.28295108909573     
  1.714262418422935E-003   4.28299124298982        4.28299124299487     
  2.749194772133345E-003   4.28304644559348        4.28304644559831     
  4.408935186293411E-003   4.28312654102342        4.28312654102801     
  7.070691998243509E-003   4.28324423104033        4.28324423104417     
  1.133940128887567E-002   4.28341320976777        4.28341320977121     
  1.818521038988791E-002   4.28365483864644        4.28365483864907     
  2.916396276132466E-002   4.28400753202991        4.28400753203181     
  4.677079372240218E-002   4.28453190724369        4.28453190724541     
  7.500719855274338E-002   4.28531065218596        4.28531065218737     
  0.120290450235312        4.28643787812070        4.28643787812200     
  0.192912049736657        4.28800642053199        4.28800642053340     
  0.309376670058165        4.29008594196440        4.29008594196536     
  0.496153164651651        4.29270056008712        4.29270056008826     
  0.795690129923392        4.29583340389475        4.29583340389538     
   1.27606317557608        4.29943758125372        4.29943758125411     
   2.04644643288220        4.30343679091986        4.30343679091994     
   3.28192450249623        4.30770814672130        4.30770814672186     
   5.26328384022997        4.31209909776221        4.31209909776354     
   8.44082694826027        4.31646252088805        4.31646252089060     
   13.5367123896863        4.32065022070645        4.32065022070818     
   21.7090793881109        4.32446955705545        4.32446955705785     
   34.8152575242990        4.32765935882531        4.32765935882748     
   55.8338810602479        4.32996987551992        4.32996987552168     
   89.5418415927019        4.33135296680306        4.33135296680276     
   143.599929712229        4.33204067171590        4.33204067171359     
   230.293898880875        4.33234156861060        4.33234156860932     
   369.326642206832        4.33246464770843        4.33246464770743     
   592.296058673838        4.33251349750149        4.33251349750030     
   949.876291145270        4.33253264625994        4.33253264625910     
   1523.33441235467        4.33254011535088        4.33254011535082     
   2442.99995009460        4.33254302305887        4.33254302305876     
   3917.88481095027        4.33254415416895        4.33254415416740     
   6283.18530717959        4.33254459405493        4.33254459404265     
