  6.283185307179591E-005   4.27908829655472        4.27908829656022     
  1.007646204758687E-004   4.27955104831537        4.27955104831924     
  1.615981105641397E-004   4.28011690995126        4.28011690995429     
  2.591579188665108E-004   4.28088266411936        4.28088266412175     
  4.156164120778096E-004   4.28197753657569        4.28197753657773     
  6.665318302598603E-004   4.28349210733957        4.28349210734138     
  1.068929589494618E-003   4.28547689003204        4.28547689003349     
  1.714262418422935E-003   4.28804417826323        4.28804417826510     
  2.749194772133345E-003   4.29144915828144        4.29144915828310     
  4.408935186293411E-003   4.29606522228085        4.29606522228266     
  7.070691998243509E-003   4.30224916198380        4.30224916198515     
  1.133940128887567E-002   4.31017471298682        4.31017471298806     
  1.818521038988791E-002   4.31976356776434        4.31976356776533     
  2.916396276132466E-002   4.33075624119072        4.33075624119199     
  4.677079372240218E-002   4.34272814920573        4.34272814920679     
  7.500719855274338E-002   4.35526638240502        4.35526638240660     
  0.120290450235312        4.36815831787053        4.36815831787233     
  0.192912049736657        4.38125153765493        4.38125153765598     
  0.309376670058165        4.39425192843526        4.39425192843663     
  0.496153164651651        4.40676577948956        4.40676577949061     
  0.795690129923392        4.41855685863927        4.41855685864088     
   1.27606317557608        4.42956078458525        4.42956078458669     
   2.04644643288220        4.43969207158974        4.43969207159050     
   3.28192450249623        4.44884562673794        4.44884562673937     
   5.26328384022997        4.45700045621699        4.45700045621786     
   8.44082694826027        4.46418556589875        4.46418556589950     
   13.5367123896863        4.47044947831666        4.47044947831829     
   21.7090793881109        4.47586218196518        4.47586218196614     
   34.8152575242990        4.48048587719549        4.48048587719663     
   55.8338810602479        4.48436606000035        4.48436606000150     
   89.5418415927019        4.48752613802551        4.48752613802661     
   143.599929712229        4.48995395434667        4.48995395434799     
   230.293898880875        4.49163818352395        4.49163818352530     
   369.326642206832        4.49264530648672        4.49264530648766     
   592.296058673838        4.49315618545467        4.49315618545671     
   949.876291145270        4.49338384155682        4.49338384155820     
   1523.33441235467        4.49347792128888        4.49347792129001     
   2442.99995009460        4.49351543514103        4.49351543514270     
   3917.88481095027        4.49353016857836        4.49353016858012     
   6283.18530717959        4.49353591984848        4.49353591985048     
