  6.283185307179591E-005   4.29402421493234        4.29402421494643     
  1.007646204758687E-004   4.29402487184653        4.29402487185890     
  1.615981105641397E-004   4.29402561690791        4.29402561691937     
  2.591579188665108E-004   4.29402647712936        4.29402647713955     
  4.156164120778096E-004   4.29402748312638        4.29402748313565     
  6.665318302598603E-004   4.29402866333684        4.29402866334526     
  1.068929589494618E-003   4.29403004617747        4.29403004618548     
  1.714262418422935E-003   4.29403167471762        4.29403167472513     
  2.749194772133345E-003   4.29403361934795        4.29403361935507     
  4.408935186293411E-003   4.29403600712692        4.29403600713372     
  7.070691998243509E-003   4.29403905351913        4.29403905352603     
  1.133940128887567E-002   4.29404317768334        4.29404317768975     
  1.818521038988791E-002   4.29404937257684        4.29404937258287     
  2.916396276132466E-002   4.29405979779563        4.29405979780074     
  4.677079372240218E-002   4.29407817168889        4.29407817169383     
  7.500719855274338E-002   4.29410897197872        4.29410897198309     
  0.120290450235312        4.29415663210792        4.29415663211176     
  0.192912049736657        4.29422787662109        4.29422787662455     
  0.309376670058165        4.29433348108063        4.29433348108366     
  0.496153164651651        4.29448475376819        4.29448475377086     
  0.795690129923392        4.29468942666694        4.29468942666910     
   1.27606317557608        4.29495096252514        4.29495096252749     
   2.04644643288220        4.29526506700794        4.29526506701143     
   3.28192450249623        4.29561633918225        4.29561633918571     
   5.26328384022997        4.29597870497270        4.29597870497615     
   8.44082694826027        4.29631186080663        4.29631186080980     
   13.5367123896863        4.29656859653420        4.29656859653723     
   21.7090793881109        4.29672683662811        4.29672683662904     
   34.8152575242990        4.29680633086343        4.29680633086200     
   55.8338810602479        4.29684122118340        4.29684122118112     
   89.5418415927019        4.29685550643569        4.29685550643315     
   143.599929712229        4.29686117804485        4.29686117804325     
   230.293898880875        4.29686340153403        4.29686340153246     
   369.326642206832        4.29686426885674        4.29686426885640     
   592.296058673838        4.29686460650981        4.29686460651025     
   949.876291145270        4.29686473786004        4.29686473785958     
   1523.33441235467        4.29686478894527        4.29686478894006     
   2442.99995009460        4.29686480881305        4.29686480880230     
   3917.88481095027        4.29686481653734        4.29686481652525     
   6283.18530717959        4.29686481953794        4.29686481952817     
