  6.283185307179591E-005   4.28932458132475        4.28932458133728     
  1.007646204758687E-004   4.28932666728272        4.28932666729403     
  1.615981105641397E-004   4.28932900889877        4.28932900890852     
  2.591579188665108E-004   4.28933167406016        4.28933167406904     
  4.156164120778096E-004   4.28933476382486        4.28933476383279     
  6.665318302598603E-004   4.28933839418222        4.28933839419006     
  1.068929589494618E-003   4.28934272206811        4.28934272207550     
  1.714262418422935E-003   4.28934798823067        4.28934798823738     
  2.749194772133345E-003   4.28935459025806        4.28935459026452     
  4.408935186293411E-003   4.28936329186009        4.28936329186603     
  7.070691998243509E-003   4.28937565187258        4.28937565187854     
  1.133940128887567E-002   4.28939479192764        4.28939479193332     
  1.818521038988791E-002   4.28942672074854        4.28942672075322     
  2.916396276132466E-002   4.28948106050803        4.28948106051198     
  4.677079372240218E-002   4.28956847114172        4.28956847114556     
  7.500719855274338E-002   4.28969965099258        4.28969965099578     
  0.120290450235312        4.28989476946499        4.28989476946788     
  0.192912049736657        4.29018422202235        4.29018422202431     
  0.309376670058165        4.29059324936265        4.29059324936422     
  0.496153164651651        4.29113286989824        4.29113286989974     
  0.795690129923392        4.29180754958822        4.29180754958950     
   1.27606317557608        4.29262337812932        4.29262337813020     
   2.04644643288220        4.29358028552687        4.29358028552830     
   3.28192450249623        4.29465809887550        4.29465809887789     
   5.26328384022997        4.29581575474141        4.29581575474373     
   8.44082694826027        4.29698945986502        4.29698945986833     
   13.5367123896863        4.29807590508934        4.29807590509201     
   21.7090793881109        4.29894333429611        4.29894333429800     
   34.8152575242990        4.29950736925656        4.29950736925692     
   55.8338810602479        4.29980435300214        4.29980435299932     
   89.5418415927019        4.29993845569857        4.29993845569537     
   143.599929712229        4.29999411538116        4.29999411537838     
   230.293898880875        4.30001634234474        4.30001634234270     
   369.326642206832        4.30002507660185        4.30002507660016     
   592.296058673838        4.30002848675178        4.30002848675147     
   949.876291145270        4.30002981481963        4.30002981482130     
   1523.33441235467        4.30003033152179        4.30003033152125     
   2442.99995009460        4.30003053247751        4.30003053247162     
   3917.88481095027        4.30003061062530        4.30003061061173     
   6283.18530717959        4.30003064100648        4.30003064099488     
