  6.283185307179591E-005   4.28098930751085        4.28098930751604     
  1.007646204758687E-004   4.28181456938383        4.28181456938775     
  1.615981105641397E-004   4.28278670936552        4.28278670936837     
  2.591579188665108E-004   4.28397068526758        4.28397068526984     
  4.156164120778096E-004   4.28552006484504        4.28552006484679     
  6.665318302598603E-004   4.28772830652155        4.28772830652317     
  1.068929589494618E-003   4.29096457237959        4.29096457238078     
  1.714262418422935E-003   4.29548534836618        4.29548534836770     
  2.749194772133345E-003   4.30131293509617        4.30131293509771     
  4.408935186293411E-003   4.30841198207175        4.30841198207282     
  7.070691998243509E-003   4.31691921166597        4.31691921166729     
  1.133940128887567E-002   4.32703883845428        4.32703883845554     
  1.818521038988791E-002   4.33871780813468        4.33871780813573     
  2.916396276132466E-002   4.35152927469192        4.35152927469294     
  4.677079372240218E-002   4.36497887724281        4.36497887724421     
  7.500719855274338E-002   4.37863623884380        4.37863623884547     
  0.120290450235312        4.39212514848634        4.39212514848779     
  0.192912049736657        4.40523201509976        4.40523201510129     
  0.309376670058165        4.41786059724283        4.41786059724435     
  0.496153164651651        4.42981690268592        4.42981690268689     
  0.795690129923392        4.44087609986960        4.44087609987132     
   1.27606317557608        4.45091393958796        4.45091393958916     
   2.04644643288220        4.45987225551133        4.45987225551250     
   3.28192450249623        4.46776397704948        4.46776397705075     
   5.26328384022997        4.47465851404062        4.47465851404188     
   8.44082694826027        4.48064784545498        4.48064784545630     
   13.5367123896863        4.48582351307289        4.48582351307415     
   21.7090793881109        4.49025892777543        4.49025892777632     
   34.8152575242990        4.49401158721750        4.49401158721839     
   55.8338810602479        4.49713707365944        4.49713707366014     
   89.5418415927019        4.49968369996624        4.49968369996788     
   143.599929712229        4.50166720329206        4.50166720329377     
   230.293898880875        4.50308501028024        4.50308501028145     
   369.326642206832        4.50397289714471        4.50397289714602     
   592.296058673838        4.50444619154910        4.50444619155097     
   949.876291145270        4.50466489318897        4.50466489319079     
   1523.33441235467        4.50475707145080        4.50475707145175     
   2442.99995009460        4.50479415720933        4.50479415721075     
   3917.88481095027        4.50480877665231        4.50480877665431     
   6283.18530717959        4.50481449188143        4.50481449188357     
